215
7.81715 1.00985e+09 1 4.70913e+24
7.85637 1.00985e+10 1.15071e+09 4.73275e+24
8.10594 1.00985e+11 1.26191e+10 4.8831e+24
11.5376 1.2098e+12 1.21648e+11 6.95036e+24
16.3115 1.39981e+13 1.02261e+12 9.8262e+24
44.8536 1.70004e+14 6.10979e+12 2.70202e+25
210.907 5.81917e+15 4.89767e+13 1.27052e+26
1143.77 1.90031e+17 3.22418e+14 6.89018e+26
10384.2 9.74284e+18 2.09686e+15 6.25553e+27
26082.1 4.96683e+19 4.32308e+15 1.57121e+28
65514.6 2.43062e+20 8.63003e+15 3.94664e+28
164506 1.15084e+21 1.66987e+16 9.90989e+28
413417 5.26483e+21 3.12931e+16 2.49041e+29
1.03842e+06 2.31847e+22 5.66743e+16 6.2553e+29
2.60821e+06 9.75405e+22 9.87577e+16 1.5711e+30
6.55324e+06 3.91101e+23 1.66013e+17 3.94727e+30
8.24855e+06 5.25842e+23 1.84272e+17 4.96834e+30
1.64595e+07 1.43474e+24 2.58876e+17 9.91347e+30
3.28384e+07 3.8325e+24 3.5843e+17 1.97768e+31
6.55324e+07 1.00585e+25 4.88081e+17 3.94627e+31
1.30796e+08 2.60365e+25 6.54879e+17 7.87528e+31
2.61e+08 6.67472e+25 8.69929e+17 1.57121e+32
3.28562e+08 8.73669e+25 9.40084e+17 1.9778e+32
5.20912e+08 1.62955e+26 1.1191e+18 3.13521e+32
8.25569e+08 3.02822e+26 1.32916e+18 4.96798e+32
1.03931e+09 4.1289e+26 1.44857e+18 6.25358e+32
1.30885e+09 5.03572e+26 1.52617e+18 7.87463e+32
1.64809e+09 6.85897e+26 1.64869e+18 9.91465e+32
2.61178e+09 1.2718e+27 1.92682e+18 1.57084e+33
4.1413e+09 2.35532e+27 2.25127e+18 2.49009e+33
6.56572e+09 4.36121e+27 2.63236e+18 3.9466e+33
8.26638e+09 5.66056e+27 2.80792e+18 4.968e+33
1.04038e+10 7.7017e+27 3.02661e+18 6.25142e+33
1.31081e+10 1.04782e+28 3.26329e+18 7.87482e+33
1.65005e+10 1.42481e+28 3.51845e+18 9.91074e+33
2.07876e+10 1.93716e+28 3.79441e+18 1.24828e+34
2.61713e+10 2.50272e+28 4.03597e+18 1.57119e+34
3.29454e+10 3.40313e+28 4.34048e+18 1.97737e+34
4.15022e+10 4.62717e+28 4.67072e+18 2.49026e+34
5.22516e+10 5.94894e+28 4.95347e+18 3.13435e+34
6.58177e+10 8.08782e+28 5.31547e+18 3.94693e+34
8.28777e+10 1.09989e+29 5.70761e+18 4.96835e+34
1.04323e+11 1.49482e+29 6.13014e+18 6.25175e+34
1.31491e+11 2.03329e+29 6.58877e+18 7.87682e+34
1.65504e+11 2.59725e+29 6.97003e+18 9.91037e+34
1.83454e+11 2.89204e+29 7.13886e+18 1.09832e+35
2.08411e+11 3.28937e+29 7.34152e+18 1.24746e+35
2.62604e+11 4.47176e+29 7.84231e+18 1.57118e+35
3.30702e+11 5.81597e+29 8.29682e+18 1.97774e+35
4.275e+11 7.80423e+29 8.87056e+18 2.55519e+35
4.43544e+11 7.88915e+29 8.89002e+18 2.65089e+35
5.2002e+11 8.35057e+29 8.98559e+18 3.10703e+35
6.57464e+11 9.09717e+29 9.11297e+18 3.92671e+35
7.92055e+11 9.82935e+29 9.21411e+18 4.72927e+35
9.67468e+11 1.08291e+30 9.32786e+18 5.77513e+35
1.18959e+12 1.21781e+30 9.45286e+18 7.0993e+35
1.46305e+12 1.39885e+30 9.57565e+18 8.72943e+35
1.67394e+12 9.52334e+29 9.1741e+18 9.98789e+35
6.70637e+12 9.29103e+30 1.22156e+19 3.99159e+36
1.34234e+13 1.86827e+31 1.3173e+19 7.98107e+36
2.01441e+13 3.34064e+31 1.40502e+19 1.19688e+37
2.68825e+13 5.15268e+31 1.48211e+19 1.59634e+37
3.3621e+13 7.23387e+31 1.55091e+19 1.99548e+37
4.03595e+13 9.55058e+31 1.61343e+19 2.39433e+37
4.70979e+13 1.20868e+32 1.67135e+19 2.7929e+37
5.38542e+13 1.48361e+32 1.72571e+19 3.19229e+37
6.06105e+13 1.77855e+32 1.7771e+19 3.59144e+37
6.73668e+13 2.09577e+32 1.82651e+19 3.99036e+37
7.41231e+13 2.43222e+32 1.87391e+19 4.38908e+37
8.08972e+13 2.79111e+32 1.92001e+19 4.78863e+37
8.76713e+13 3.17242e+32 1.96509e+19 5.18799e+37
9.44454e+13 3.57456e+32 2.00914e+19 5.58714e+37
1.0122e+14 4.00073e+32 2.0525e+19 5.98613e+37
1.07994e+14 4.44933e+32 2.09518e+19 6.38489e+37
1.14768e+14 4.92357e+32 2.1376e+19 6.78346e+37
1.2156e+14 5.42344e+32 2.17964e+19 7.18292e+37
1.28352e+14 5.94894e+32 2.22149e+19 7.58218e+37
1.35144e+14 6.49528e+32 2.26279e+19 7.98125e+37
1.56856e+14 1.1151e+33 2.57418e+19 9.25499e+37
1.93241e+14 1.84247e+33 2.98596e+19 1.13801e+38
2.13385e+14 2.35997e+33 3.23753e+19 1.25523e+38
2.35133e+14 3.01204e+33 3.52433e+19 1.38141e+38
2.58129e+14 3.83234e+33 3.85167e+19 1.51437e+38
2.82908e+14 4.85131e+33 4.2216e+19 1.65709e+38
3.00379e+14 5.67482e+33 4.49836e+19 1.75735e+38
3.1787e+14 6.57769e+33 4.78053e+19 1.85749e+38
3.3536e+14 7.63959e+33 5.09394e+19 1.95731e+38
3.52851e+14 8.86006e+33 5.43501e+19 2.05677e+38
3.70341e+14 1.02387e+34 5.80066e+19 2.15587e+38
3.87832e+14 1.17749e+34 6.18821e+19 2.25456e+38
4.05322e+14 1.34684e+34 6.59534e+19 2.35282e+38
4.22813e+14 1.53185e+34 7.02e+19 2.45065e+38
4.40303e+14 1.73249e+34 7.4604e+19 2.54802e+38
4.57794e+14 1.94869e+34 7.91494e+19 2.64492e+38
4.75284e+14 2.18042e+34 8.38222e+19 2.74133e+38
4.92775e+14 2.42761e+34 8.86097e+19 2.83725e+38
5.10265e+14 2.69023e+34 9.35006e+19 2.93267e+38
5.27756e+14 2.96821e+34 9.84849e+19 3.02758e+38
5.45246e+14 3.26151e+34 1.03553e+20 3.12197e+38
5.62737e+14 3.57007e+34 1.08698e+20 3.21584e+38
5.80227e+14 3.89385e+34 1.13911e+20 3.30918e+38
5.97718e+14 4.2328e+34 1.19186e+20 3.40199e+38
6.15208e+14 4.58687e+34 1.24517e+20 3.49427e+38
6.32699e+14 4.95602e+34 1.29899e+20 3.586e+38
6.5019e+14 5.34019e+34 1.35325e+20 3.6772e+38
6.6768e+14 5.73934e+34 1.40792e+20 3.76787e+38
6.85171e+14 6.15343e+34 1.46296e+20 3.85799e+38
7.02661e+14 6.58242e+34 1.51832e+20 3.94757e+38
7.20152e+14 7.02627e+34 1.57397e+20 4.03661e+38
7.37642e+14 7.48492e+34 1.62988e+20 4.1251e+38
7.55133e+14 7.95836e+34 1.68602e+20 4.21307e+38
7.72623e+14 8.44654e+34 1.74236e+20 4.30049e+38
7.90114e+14 8.94942e+34 1.79888e+20 4.38737e+38
8.07604e+14 9.46698e+34 1.85555e+20 4.47373e+38
8.25095e+14 9.99917e+34 1.91235e+20 4.55954e+38
8.42585e+14 1.0546e+35 1.96927e+20 4.64483e+38
8.60076e+14 1.11074e+35 2.02628e+20 4.72959e+38
8.77566e+14 1.16833e+35 2.08336e+20 4.81383e+38
8.95057e+14 1.22737e+35 2.14051e+20 4.89754e+38
9.12547e+14 1.28787e+35 2.19771e+20 4.98073e+38
9.30038e+14 1.3498e+35 2.25494e+20 5.0634e+38
9.47528e+14 1.41319e+35 2.3122e+20 5.14555e+38
9.65019e+14 1.47801e+35 2.36946e+20 5.2272e+38
9.82509e+14 1.54427e+35 2.42673e+20 5.30834e+38
1e+15 1.61197e+35 2.48398e+20 5.38897e+38
1.01749e+15 1.68109e+35 2.54121e+20 5.46909e+38
1.03498e+15 1.75165e+35 2.59841e+20 5.54872e+38
1.05247e+15 1.82363e+35 2.65558e+20 5.62786e+38
1.06996e+15 1.89703e+35 2.71269e+20 5.7065e+38
1.08745e+15 1.97185e+35 2.76975e+20 5.78465e+38
1.10494e+15 2.04808e+35 2.82675e+20 5.86232e+38
1.12243e+15 2.12571e+35 2.88368e+20 5.93951e+38
1.13992e+15 2.20475e+35 2.94052e+20 6.01622e+38
1.15741e+15 2.28519e+35 2.99728e+20 6.09245e+38
1.17491e+15 2.36702e+35 3.05395e+20 6.16821e+38
1.1924e+15 2.45023e+35 3.11052e+20 6.24351e+38
1.20989e+15 2.53482e+35 3.16697e+20 6.31834e+38
1.22738e+15 2.62077e+35 3.22332e+20 6.39272e+38
1.24487e+15 2.70809e+35 3.27954e+20 6.46663e+38
1.26236e+15 2.79675e+35 3.33563e+20 6.5401e+38
1.27985e+15 2.88675e+35 3.39158e+20 6.61312e+38
1.29734e+15 2.97808e+35 3.44739e+20 6.68569e+38
1.31483e+15 3.07072e+35 3.50305e+20 6.75782e+38
1.33232e+15 3.16466e+35 3.55854e+20 6.82952e+38
1.34981e+15 3.25989e+35 3.61387e+20 6.90078e+38
1.3673e+15 3.35639e+35 3.66902e+20 6.97161e+38
1.38479e+15 3.45415e+35 3.72399e+20 7.04202e+38
1.40228e+15 3.55314e+35 3.77876e+20 7.11201e+38
1.41977e+15 3.65335e+35 3.83334e+20 7.18158e+38
1.43726e+15 3.75476e+35 3.8877e+20 7.25074e+38
1.45475e+15 3.85734e+35 3.94185e+20 7.31948e+38
1.47224e+15 3.96107e+35 3.99577e+20 7.38782e+38
1.48973e+15 4.06594e+35 4.04946e+20 7.45576e+38
1.50723e+15 4.17191e+35 4.1029e+20 7.52331e+38
1.52472e+15 4.27896e+35 4.15608e+20 7.59046e+38
1.54221e+15 4.38706e+35 4.20901e+20 7.65722e+38
1.5597e+15 4.49619e+35 4.26166e+20 7.72359e+38
1.57719e+15 4.60631e+35 4.31403e+20 7.78958e+38
1.59468e+15 4.71739e+35 4.36611e+20 7.8552e+38
1.61217e+15 4.8294e+35 4.41789e+20 7.92044e+38
1.62966e+15 4.94231e+35 4.46937e+20 7.98532e+38
1.64715e+15 5.05609e+35 4.52052e+20 8.04983e+38
1.66464e+15 5.17069e+35 4.57136e+20 8.11398e+38
1.68213e+15 5.28609e+35 4.62185e+20 8.17777e+38
1.69962e+15 5.40225e+35 4.672e+20 8.24121e+38
1.71711e+15 5.51913e+35 4.7218e+20 8.30431e+38
1.7346e+15 5.63669e+35 4.77124e+20 8.36705e+38
1.75209e+15 5.75489e+35 4.82031e+20 8.42946e+38
1.76958e+15 5.8737e+35 4.869e+20 8.49154e+38
1.78707e+15 5.99307e+35 4.9173e+20 8.55328e+38
1.80456e+15 6.11297e+35 4.96521e+20 8.6147e+38
1.82205e+15 6.23335e+35 5.01273e+20 8.67579e+38
1.83955e+15 6.35418e+35 5.05983e+20 8.73657e+38
1.85704e+15 6.47541e+35 5.10652e+20 8.79703e+38
1.87453e+15 6.59699e+35 5.15279e+20 8.85718e+38
1.89202e+15 6.7189e+35 5.19863e+20 8.91703e+38
1.90951e+15 6.84109e+35 5.24404e+20 8.97657e+38
1.927e+15 6.96351e+35 5.28901e+20 9.03582e+38
1.94449e+15 7.08613e+35 5.33354e+20 9.09477e+38
1.96198e+15 7.2089e+35 5.37761e+20 9.15343e+38
1.97947e+15 7.33179e+35 5.42124e+20 9.21181e+38
1.99696e+15 7.45475e+35 5.4644e+20 9.26991e+38
2.01445e+15 7.57775e+35 5.50711e+20 9.32773e+38
2.03194e+15 7.70074e+35 5.54935e+20 9.38528e+38
2.04943e+15 7.8237e+35 5.59112e+20 9.44256e+38
2.06692e+15 7.94656e+35 5.63242e+20 9.49958e+38
2.08441e+15 8.06931e+35 5.67325e+20 9.55633e+38
2.1019e+15 8.19191e+35 5.7136e+20 9.61283e+38
2.11939e+15 8.31431e+35 5.75348e+20 9.66908e+38
2.13688e+15 8.43649e+35 5.79287e+20 9.72508e+38
2.15437e+15 8.5584e+35 5.83179e+20 9.78083e+38
2.17187e+15 8.68003e+35 5.87023e+20 9.83635e+38
2.18936e+15 8.80132e+35 5.90819e+20 9.89162e+38
2.20685e+15 8.92226e+35 5.94566e+20 9.94666e+38
2.22434e+15 9.0428e+35 5.98266e+20 1.00015e+39
2.24183e+15 9.16293e+35 6.01918e+20 1.00561e+39
2.25932e+15 9.28261e+35 6.05522e+20 1.01104e+39
2.27681e+15 9.40182e+35 6.09078e+20 1.01646e+39
2.2943e+15 9.52052e+35 6.12587e+20 1.02185e+39
2.31179e+15 9.6387e+35 6.16048e+20 1.02722e+39
2.32928e+15 9.75632e+35 6.19462e+20 1.03257e+39
2.34677e+15 9.87338e+35 6.22829e+20 1.03791e+39
2.36426e+15 9.98983e+35 6.2615e+20 1.04322e+39
2.38175e+15 1.01057e+36 6.29424e+20 1.04851e+39
2.39924e+15 1.02209e+36 6.32652e+20 1.05378e+39
2.41673e+15 1.03354e+36 6.35834e+20 1.05903e+39
2.43422e+15 1.04493e+36 6.38971e+20 1.06427e+39
2.45171e+15 1.05624e+36 6.42063e+20 1.06948e+39
2.4692e+15 1.06749e+36 6.4511e+20 1.07468e+39
2.48669e+15 1.07866e+36 6.48113e+20 1.07986e+39
2.50419e+15 1.08977e+36 6.51071e+20 1.08502e+39
2.52168e+15 1.10079e+36 6.53987e+20 1.09017e+39
2.53917e+15 1.11174e+36 6.56859e+20 1.0953e+39
2.55666e+15 1.12261e+36 6.59689e+20 1.10041e+39
2.57415e+15 1.13341e+36 6.62477e+20 1.1055e+39
