209
7.81715 1.00985e+09 1 4.70913e+24
7.85637 1.00985e+10 1.15071e+09 4.73275e+24
8.10594 1.00985e+11 1.26191e+10 4.8831e+24
11.5376 1.2098e+12 1.21648e+11 6.95036e+24
16.3115 1.39981e+13 1.02261e+12 9.8262e+24
44.8536 1.70004e+14 6.10979e+12 2.70202e+25
210.907 5.81917e+15 4.89767e+13 1.27052e+26
1143.77 1.90031e+17 3.22418e+14 6.89018e+26
10384.2 9.74284e+18 2.09686e+15 6.25553e+27
26082.1 4.96683e+19 4.32308e+15 1.57121e+28
65514.6 2.43062e+20 8.63003e+15 3.94664e+28
164506 1.15084e+21 1.66987e+16 9.90989e+28
413417 5.26483e+21 3.12931e+16 2.49041e+29
1.03842e+06 2.31847e+22 5.66743e+16 6.2553e+29
2.60821e+06 9.75405e+22 9.87577e+16 1.5711e+30
6.55324e+06 3.91101e+23 1.66013e+17 3.94727e+30
8.24855e+06 5.25842e+23 1.84272e+17 4.96834e+30
1.64595e+07 1.43474e+24 2.58876e+17 9.91347e+30
3.28384e+07 3.8325e+24 3.5843e+17 1.97768e+31
6.55324e+07 1.00585e+25 4.88081e+17 3.94627e+31
1.30796e+08 2.60365e+25 6.54879e+17 7.87528e+31
2.61e+08 6.67472e+25 8.69929e+17 1.57121e+32
3.28562e+08 8.73669e+25 9.40084e+17 1.9778e+32
5.20912e+08 1.62955e+26 1.1191e+18 3.13521e+32
8.25569e+08 3.02822e+26 1.32916e+18 4.96798e+32
1.03931e+09 4.1289e+26 1.44857e+18 6.25358e+32
1.30885e+09 5.03572e+26 1.52617e+18 7.87463e+32
1.64809e+09 6.85897e+26 1.64869e+18 9.91465e+32
2.61178e+09 1.2718e+27 1.92682e+18 1.57084e+33
4.1413e+09 2.35532e+27 2.25127e+18 2.49009e+33
6.56572e+09 4.36121e+27 2.63236e+18 3.9466e+33
8.26638e+09 5.66056e+27 2.80792e+18 4.968e+33
1.04038e+10 7.7017e+27 3.02661e+18 6.25142e+33
1.31081e+10 1.04782e+28 3.26329e+18 7.87482e+33
1.65005e+10 1.42481e+28 3.51845e+18 9.91074e+33
2.07876e+10 1.93716e+28 3.79441e+18 1.24828e+34
2.61713e+10 2.50272e+28 4.03597e+18 1.57119e+34
3.29454e+10 3.40313e+28 4.34048e+18 1.97737e+34
4.15022e+10 4.62717e+28 4.67072e+18 2.49026e+34
5.22516e+10 5.94894e+28 4.95347e+18 3.13435e+34
6.58177e+10 8.08782e+28 5.31547e+18 3.94693e+34
8.28777e+10 1.09989e+29 5.70761e+18 4.96835e+34
1.04323e+11 1.49482e+29 6.13014e+18 6.25175e+34
1.31491e+11 2.03329e+29 6.58877e+18 7.87682e+34
1.65504e+11 2.59725e+29 6.97003e+18 9.91037e+34
1.83454e+11 2.89204e+29 7.13886e+18 1.09832e+35
2.08411e+11 3.28937e+29 7.34152e+18 1.24746e+35
2.62604e+11 4.47176e+29 7.84231e+18 1.57118e+35
3.30702e+11 5.81597e+29 8.29682e+18 1.97774e+35
4.275e+11 7.80423e+29 8.87056e+18 2.55519e+35
4.43544e+11 7.88915e+29 8.89002e+18 2.65089e+35
5.2002e+11 8.35057e+29 8.98559e+18 3.10703e+35
6.57464e+11 9.09717e+29 9.11297e+18 3.92671e+35
7.92055e+11 9.82935e+29 9.21411e+18 4.72927e+35
9.67468e+11 1.08291e+30 9.32786e+18 5.77513e+35
1.18959e+12 1.21781e+30 9.45286e+18 7.0993e+35
1.46305e+12 1.39885e+30 9.57565e+18 8.72943e+35
1.67394e+12 9.52334e+29 9.1741e+18 9.98789e+35
6.70637e+12 9.29103e+30 1.22156e+19 3.99159e+36
1.34234e+13 1.86827e+31 1.3173e+19 7.98107e+36
2.01441e+13 3.34064e+31 1.40502e+19 1.19688e+37
2.68825e+13 5.15268e+31 1.48211e+19 1.59634e+37
3.3621e+13 7.23387e+31 1.55091e+19 1.99548e+37
4.03595e+13 9.55058e+31 1.61343e+19 2.39433e+37
4.70979e+13 1.20868e+32 1.67135e+19 2.7929e+37
5.38542e+13 1.48361e+32 1.72571e+19 3.19229e+37
6.06105e+13 1.77855e+32 1.7771e+19 3.59144e+37
6.73668e+13 2.09577e+32 1.82651e+19 3.99036e+37
7.41231e+13 2.43222e+32 1.87391e+19 4.38908e+37
8.08972e+13 2.79111e+32 1.92001e+19 4.78863e+37
8.76713e+13 3.17242e+32 1.96509e+19 5.18799e+37
9.44454e+13 3.57456e+32 2.00914e+19 5.58714e+37
1.0122e+14 4.00073e+32 2.0525e+19 5.98613e+37
1.07994e+14 4.44933e+32 2.09518e+19 6.38489e+37
1.14768e+14 4.92357e+32 2.1376e+19 6.78346e+37
1.2156e+14 5.42344e+32 2.17964e+19 7.18292e+37
1.28352e+14 5.94894e+32 2.22149e+19 7.58218e+37
1.35144e+14 6.49528e+32 2.26279e+19 7.98125e+37
1.56696e+14 7.16161e+32 2.30867e+19 9.24691e+37
1.92884e+14 1.14746e+33 2.54403e+19 1.137e+38
2.13028e+14 1.457e+33 2.69538e+19 1.25486e+38
2.3442e+14 1.84888e+33 2.86899e+19 1.3798e+38
2.57416e+14 2.34555e+33 3.06892e+19 1.51384e+38
2.81661e+14 2.96558e+33 3.29643e+19 1.65481e+38
2.99131e+14 3.46545e+33 3.46646e+19 1.75616e+38
3.16653e+14 4.01068e+33 3.63897e+19 1.85767e+38
3.34174e+14 4.64869e+33 3.82972e+19 1.95898e+38
3.51696e+14 5.38491e+33 4.03827e+19 2.06007e+38
3.69218e+14 6.22493e+33 4.26429e+19 2.16093e+38
3.8674e+14 7.17445e+33 4.50748e+19 2.26153e+38
4.04261e+14 8.23927e+33 4.76762e+19 2.36186e+38
4.21783e+14 9.42526e+33 5.04449e+19 2.4619e+38
4.39305e+14 1.07384e+34 5.33792e+19 2.56164e+38
4.56827e+14 1.21847e+34 5.64771e+19 2.66105e+38
4.74348e+14 1.37701e+34 5.97372e+19 2.76012e+38
4.9187e+14 1.55006e+34 6.31577e+19 2.85884e+38
5.09392e+14 1.73823e+34 6.67369e+19 2.95719e+38
5.26913e+14 1.9421e+34 7.04728e+19 3.05515e+38
5.44435e+14 2.16225e+34 7.43636e+19 3.1527e+38
5.61957e+14 2.39927e+34 7.84069e+19 3.24985e+38
5.79479e+14 2.65369e+34 8.26004e+19 3.34656e+38
5.97e+14 2.92606e+34 8.69414e+19 3.44283e+38
6.14522e+14 3.2169e+34 9.14271e+19 3.53864e+38
6.32044e+14 3.52669e+34 9.60541e+19 3.63398e+38
6.49566e+14 3.85589e+34 1.00819e+20 3.72884e+38
6.67087e+14 4.20493e+34 1.05718e+20 3.82321e+38
6.84609e+14 4.5742e+34 1.10747e+20 3.91707e+38
7.02131e+14 4.96407e+34 1.15902e+20 4.01042e+38
7.19652e+14 5.37483e+34 1.21178e+20 4.10324e+38
7.37174e+14 5.80675e+34 1.2657e+20 4.19554e+38
7.54696e+14 6.26006e+34 1.32072e+20 4.28729e+38
7.72218e+14 6.73492e+34 1.3768e+20 4.37849e+38
7.89739e+14 7.23145e+34 1.43387e+20 4.46914e+38
8.07261e+14 7.74969e+34 1.49187e+20 4.55922e+38
8.24783e+14 8.28965e+34 1.55073e+20 4.64874e+38
8.42304e+14 8.85127e+34 1.6104e+20 4.73768e+38
8.59826e+14 9.43442e+34 1.6708e+20 4.82605e+38
8.77348e+14 1.00389e+35 1.73187e+20 4.91384e+38
8.9487e+14 1.06645e+35 1.79353e+20 5.00104e+38
9.12391e+14 1.13109e+35 1.85571e+20 5.08767e+38
9.29913e+14 1.19776e+35 1.91834e+20 5.1737e+38
9.47435e+14 1.26644e+35 1.98133e+20 5.25916e+38
9.64957e+14 1.33705e+35 2.04463e+20 5.34403e+38
9.82478e+14 1.40956e+35 2.10815e+20 5.42831e+38
1e+15 1.48389e+35 2.17181e+20 5.51202e+38
1.01752e+15 1.55997e+35 2.23554e+20 5.59514e+38
1.03504e+15 1.63773e+35 2.29927e+20 5.67769e+38
1.05257e+15 1.7171e+35 2.36292e+20 5.75967e+38
1.07009e+15 1.79798e+35 2.42642e+20 5.84108e+38
1.08761e+15 1.88028e+35 2.48971e+20 5.92193e+38
1.10513e+15 1.96391e+35 2.5527e+20 6.00222e+38
1.12265e+15 2.04877e+35 2.61533e+20 6.08196e+38
1.14017e+15 2.13476e+35 2.67753e+20 6.16115e+38
1.1577e+15 2.22178e+35 2.73925e+20 6.23981e+38
1.17522e+15 2.30971e+35 2.80042e+20 6.31794e+38
1.19274e+15 2.39845e+35 2.86098e+20 6.39555e+38
1.21026e+15 2.48788e+35 2.92088e+20 6.47264e+38
1.22778e+15 2.57789e+35 2.98007e+20 6.54923e+38
1.2453e+15 2.66837e+35 3.03849e+20 6.62532e+38
1.26283e+15 2.75921e+35 3.09609e+20 6.70092e+38
1.28035e+15 2.85029e+35 3.15285e+20 6.77605e+38
1.29787e+15 2.9415e+35 3.20871e+20 6.85071e+38
1.31539e+15 3.03273e+35 3.26364e+20 6.9249e+38
1.33291e+15 3.12388e+35 3.3176e+20 6.99866e+38
1.35043e+15 3.21484e+35 3.37058e+20 7.07197e+38
1.36796e+15 3.30551e+35 3.42254e+20 7.14485e+38
1.38548e+15 3.39579e+35 3.47346e+20 7.21732e+38
1.403e+15 3.48559e+35 3.52332e+20 7.28937e+38
1.42052e+15 3.57481e+35 3.57211e+20 7.36103e+38
1.43804e+15 3.66338e+35 3.61982e+20 7.43231e+38
1.45556e+15 3.75121e+35 3.66643e+20 7.5032e+38
1.47309e+15 3.83822e+35 3.71195e+20 7.57373e+38
1.49061e+15 3.92436e+35 3.75636e+20 7.6439e+38
1.50813e+15 4.00955e+35 3.79968e+20 7.71373e+38
1.52565e+15 4.09375e+35 3.8419e+20 7.78321e+38
1.54317e+15 4.17689e+35 3.88303e+20 7.85237e+38
1.5607e+15 4.25893e+35 3.92308e+20 7.92121e+38
1.57822e+15 4.33984e+35 3.96207e+20 7.98975e+38
1.59574e+15 4.41958e+35 4e+20 8.05798e+38
1.61326e+15 4.49812e+35 4.0369e+20 8.12592e+38
1.63078e+15 4.57545e+35 4.07277e+20 8.19359e+38
1.6483e+15 4.65155e+35 4.10765e+20 8.26097e+38
1.66583e+15 4.7264e+35 4.14155e+20 8.3281e+38
1.68335e+15 4.80001e+35 4.1745e+20 8.39497e+38
1.70087e+15 4.87238e+35 4.20652e+20 8.46159e+38
1.71839e+15 4.94351e+35 4.23764e+20 8.52797e+38
1.73591e+15 5.01342e+35 4.26787e+20 8.59412e+38
1.75343e+15 5.08211e+35 4.29726e+20 8.66004e+38
1.77096e+15 5.14961e+35 4.32583e+20 8.72574e+38
1.78848e+15 5.21594e+35 4.35361e+20 8.79123e+38
1.806e+15 5.28114e+35 4.38062e+20 8.85652e+38
1.82352e+15 5.34522e+35 4.40691e+20 8.92161e+38
1.84104e+15 5.40822e+35 4.43248e+20 8.9865e+38
1.85856e+15 5.47017e+35 4.45739e+20 9.0512e+38
1.87609e+15 5.53112e+35 4.48164e+20 9.11573e+38
1.89361e+15 5.59111e+35 4.50528e+20 9.18007e+38
1.91113e+15 5.65017e+35 4.52834e+20 9.24425e+38
1.92865e+15 5.70834e+35 4.55083e+20 9.30825e+38
1.94617e+15 5.76567e+35 4.57279e+20 9.3721e+38
1.96369e+15 5.8222e+35 4.59425e+20 9.43578e+38
1.98122e+15 5.87798e+35 4.61523e+20 9.49932e+38
1.99874e+15 5.93304e+35 4.63576e+20 9.5627e+38
2.01626e+15 5.98744e+35 4.65586e+20 9.62593e+38
2.03378e+15 6.04122e+35 4.67555e+20 9.68903e+38
2.0513e+15 6.09442e+35 4.69487e+20 9.75198e+38
2.06883e+15 6.14708e+35 4.71382e+20 9.81479e+38
2.08635e+15 6.19924e+35 4.73244e+20 9.87747e+38
2.10387e+15 6.25094e+35 4.75074e+20 9.94003e+38
2.12139e+15 6.30223e+35 4.76874e+20 1.00024e+39
2.13891e+15 6.35314e+35 4.78647e+20 1.00647e+39
2.15643e+15 6.40371e+35 4.80393e+20 1.01269e+39
2.17396e+15 6.45396e+35 4.82115e+20 1.0189e+39
2.19148e+15 6.50395e+35 4.83813e+20 1.02509e+39
2.209e+15 6.55369e+35 4.8549e+20 1.03127e+39
2.22652e+15 6.60322e+35 4.87147e+20 1.03744e+39
2.24404e+15 6.65257e+35 4.88785e+20 1.0436e+39
2.26156e+15 6.70176e+35 4.90405e+20 1.04975e+39
2.27909e+15 6.75082e+35 4.92009e+20 1.05588e+39
2.29661e+15 6.79978e+35 4.93597e+20 1.06201e+39
2.31413e+15 6.84865e+35 4.95171e+20 1.06812e+39
2.33165e+15 6.89746e+35 4.9673e+20 1.07423e+39
2.34917e+15 6.94623e+35 4.98277e+20 1.08032e+39
2.36669e+15 6.99496e+35 4.99812e+20 1.0864e+39
2.38422e+15 7.04369e+35 5.01335e+20 1.09248e+39
2.40174e+15 7.09242e+35 5.02848e+20 1.09854e+39
2.41926e+15 7.14117e+35 5.0435e+20 1.10459e+39
2.43678e+15 7.18995e+35 5.05842e+20 1.11063e+39
2.4543e+15 7.23877e+35 5.07325e+20 1.11666e+39
2.47182e+15 7.28763e+35 5.08799e+20 1.12269e+39
