191
7.81715 1.00985e+09 1 4.70913e+24
7.85637 1.00985e+10 1.15071e+09 4.73275e+24
8.10594 1.00985e+11 1.26191e+10 4.8831e+24
11.5376 1.2098e+12 1.21648e+11 6.95036e+24
16.3115 1.39981e+13 1.02261e+12 9.8262e+24
44.8536 1.70004e+14 6.10979e+12 2.70202e+25
210.907 5.81917e+15 4.89767e+13 1.27052e+26
1143.77 1.90031e+17 3.22418e+14 6.89018e+26
10384.2 9.74284e+18 2.09686e+15 6.25553e+27
26082.1 4.96683e+19 4.32308e+15 1.57121e+28
65514.6 2.43062e+20 8.63003e+15 3.94664e+28
164506 1.15084e+21 1.66987e+16 9.90989e+28
413417 5.26483e+21 3.12931e+16 2.49041e+29
1.03842e+06 2.31847e+22 5.66743e+16 6.2553e+29
2.60821e+06 9.75405e+22 9.87577e+16 1.5711e+30
6.55324e+06 3.91101e+23 1.66013e+17 3.94727e+30
8.24855e+06 5.25842e+23 1.84272e+17 4.96834e+30
1.64595e+07 1.43474e+24 2.58876e+17 9.91347e+30
3.28384e+07 3.8325e+24 3.5843e+17 1.97768e+31
6.55324e+07 1.00585e+25 4.88081e+17 3.94627e+31
1.30796e+08 2.60365e+25 6.54879e+17 7.87528e+31
2.61e+08 6.67472e+25 8.69929e+17 1.57121e+32
3.28562e+08 8.73669e+25 9.40084e+17 1.9778e+32
5.20912e+08 1.62955e+26 1.1191e+18 3.13521e+32
8.25569e+08 3.02822e+26 1.32916e+18 4.96798e+32
1.03931e+09 4.1289e+26 1.44857e+18 6.25358e+32
1.30885e+09 5.03572e+26 1.52617e+18 7.87463e+32
1.64809e+09 6.85897e+26 1.64869e+18 9.91465e+32
2.61178e+09 1.2718e+27 1.92682e+18 1.57084e+33
4.1413e+09 2.35532e+27 2.25127e+18 2.49009e+33
6.56572e+09 4.36121e+27 2.63236e+18 3.9466e+33
8.26638e+09 5.66056e+27 2.80792e+18 4.968e+33
1.04038e+10 7.7017e+27 3.02661e+18 6.25142e+33
1.31081e+10 1.04782e+28 3.26329e+18 7.87482e+33
1.65005e+10 1.42481e+28 3.51845e+18 9.91074e+33
2.07876e+10 1.93716e+28 3.79441e+18 1.24828e+34
2.61713e+10 2.50272e+28 4.03597e+18 1.57119e+34
3.29454e+10 3.40313e+28 4.34048e+18 1.97737e+34
4.15022e+10 4.62717e+28 4.67072e+18 2.49026e+34
5.22516e+10 5.94894e+28 4.95347e+18 3.13435e+34
6.58177e+10 8.08782e+28 5.31547e+18 3.94693e+34
8.28777e+10 1.09989e+29 5.70761e+18 4.96835e+34
1.04323e+11 1.49482e+29 6.13014e+18 6.25175e+34
1.31491e+11 2.03329e+29 6.58877e+18 7.87682e+34
1.65504e+11 2.59725e+29 6.97003e+18 9.91037e+34
1.83454e+11 2.89204e+29 7.13886e+18 1.09832e+35
2.08411e+11 3.28937e+29 7.34152e+18 1.24746e+35
2.62604e+11 4.47176e+29 7.84231e+18 1.57118e+35
3.30702e+11 5.81597e+29 8.29682e+18 1.97774e+35
4.275e+11 7.80423e+29 8.87056e+18 2.55519e+35
4.43544e+11 7.88915e+29 8.89002e+18 2.65089e+35
5.2002e+11 8.35057e+29 8.98559e+18 3.10703e+35
6.57464e+11 9.09717e+29 9.11297e+18 3.92671e+35
7.92055e+11 9.82935e+29 9.21411e+18 4.72927e+35
9.67468e+11 1.08291e+30 9.32786e+18 5.77513e+35
1.18959e+12 1.21781e+30 9.45286e+18 7.0993e+35
1.46305e+12 1.39885e+30 9.57565e+18 8.72943e+35
1.67394e+12 9.52334e+29 9.1741e+18 9.98789e+35
6.70637e+12 9.29103e+30 1.22156e+19 3.99159e+36
1.34234e+13 1.86827e+31 1.3173e+19 7.98107e+36
2.01441e+13 3.34064e+31 1.40502e+19 1.19688e+37
2.68825e+13 5.15268e+31 1.48211e+19 1.59634e+37
3.3621e+13 7.23387e+31 1.55091e+19 1.99548e+37
4.03595e+13 9.55058e+31 1.61343e+19 2.39433e+37
4.70979e+13 1.20868e+32 1.67135e+19 2.7929e+37
5.38542e+13 1.48361e+32 1.72571e+19 3.19229e+37
6.06105e+13 1.77855e+32 1.7771e+19 3.59144e+37
6.73668e+13 2.09577e+32 1.82651e+19 3.99036e+37
7.41231e+13 2.43222e+32 1.87391e+19 4.38908e+37
8.08972e+13 2.79111e+32 1.92001e+19 4.78863e+37
8.76713e+13 3.17242e+32 1.96509e+19 5.18799e+37
9.44454e+13 3.57456e+32 2.00914e+19 5.58714e+37
1.0122e+14 4.00073e+32 2.0525e+19 5.98613e+37
1.07994e+14 4.44933e+32 2.09518e+19 6.38489e+37
1.14768e+14 4.92357e+32 2.1376e+19 6.78346e+37
1.2156e+14 5.42344e+32 2.17964e+19 7.18292e+37
1.28352e+14 5.94894e+32 2.22149e+19 7.58218e+37
1.35144e+14 6.49528e+32 2.26279e+19 7.98125e+37
1.56696e+14 7.16161e+32 2.30867e+19 9.24691e+37
1.92884e+14 1.14746e+33 2.54403e+19 1.137e+38
2.13028e+14 1.457e+33 2.69538e+19 1.25486e+38
2.3442e+14 1.84888e+33 2.86899e+19 1.3798e+38
2.57416e+14 2.34555e+33 3.06892e+19 1.51384e+38
2.81661e+14 2.96558e+33 3.29643e+19 1.65481e+38
2.99131e+14 3.46545e+33 3.46646e+19 1.75616e+38
3.16653e+14 4.12057e+33 3.67372e+19 1.85766e+38
3.34174e+14 5.08576e+33 3.96204e+19 1.9589e+38
3.51696e+14 6.36203e+33 4.32279e+19 2.0598e+38
3.69218e+14 7.9502e+33 4.74839e+19 2.16029e+38
3.8674e+14 9.8509e+33 5.23218e+19 2.26029e+38
4.04261e+14 1.20645e+34 5.76822e+19 2.35976e+38
4.21783e+14 1.45913e+34 6.35125e+19 2.45863e+38
4.39305e+14 1.74313e+34 6.97655e+19 2.55687e+38
4.56827e+14 2.05841e+34 7.63989e+19 2.65443e+38
4.74348e+14 2.40495e+34 8.33742e+19 2.75128e+38
4.9187e+14 2.78266e+34 9.06571e+19 2.84738e+38
5.09392e+14 3.19148e+34 9.82161e+19 2.94273e+38
5.26913e+14 3.63127e+34 1.06023e+20 3.03728e+38
5.44435e+14 4.10192e+34 1.14051e+20 3.13103e+38
5.61957e+14 4.60327e+34 1.22276e+20 3.22396e+38
5.79479e+14 5.13513e+34 1.30677e+20 3.31606e+38
5.97e+14 5.69732e+34 1.39234e+20 3.40732e+38
6.14522e+14 6.28961e+34 1.47928e+20 3.49772e+38
6.32044e+14 6.91177e+34 1.56742e+20 3.58728e+38
6.49566e+14 7.56351e+34 1.6566e+20 3.67597e+38
6.67087e+14 8.24458e+34 1.74668e+20 3.76381e+38
6.84609e+14 8.95466e+34 1.83752e+20 3.85079e+38
7.02131e+14 9.69342e+34 1.92899e+20 3.93691e+38
7.19652e+14 1.04605e+35 2.02099e+20 4.02218e+38
7.37174e+14 1.12556e+35 2.11339e+20 4.1066e+38
7.54696e+14 1.20784e+35 2.20611e+20 4.19017e+38
7.72218e+14 1.29283e+35 2.29905e+20 4.2729e+38
7.89739e+14 1.38051e+35 2.39213e+20 4.3548e+38
8.07261e+14 1.47082e+35 2.48525e+20 4.43587e+38
8.24783e+14 1.56373e+35 2.57836e+20 4.51613e+38
8.42304e+14 1.65918e+35 2.67137e+20 4.59557e+38
8.59826e+14 1.75714e+35 2.76423e+20 4.67421e+38
8.77348e+14 1.85756e+35 2.85688e+20 4.75207e+38
8.9487e+14 1.96038e+35 2.94925e+20 4.82914e+38
9.12391e+14 2.06555e+35 3.0413e+20 4.90544e+38
9.29913e+14 2.17303e+35 3.13299e+20 4.98097e+38
9.47435e+14 2.28277e+35 3.22426e+20 5.05576e+38
9.64957e+14 2.3947e+35 3.31507e+20 5.12981e+38
9.82478e+14 2.50878e+35 3.40539e+20 5.20312e+38
1e+15 2.62496e+35 3.49518e+20 5.27572e+38
1.01752e+15 2.74318e+35 3.58442e+20 5.34762e+38
1.03504e+15 2.86338e+35 3.67306e+20 5.41881e+38
1.05257e+15 2.98551e+35 3.76109e+20 5.48932e+38
1.07009e+15 3.10951e+35 3.84847e+20 5.55916e+38
1.08761e+15 3.23534e+35 3.9352e+20 5.62834e+38
1.10513e+15 3.36292e+35 4.02123e+20 5.69686e+38
1.12265e+15 3.49222e+35 4.10657e+20 5.76474e+38
1.14017e+15 3.62316e+35 4.19118e+20 5.832e+38
1.1577e+15 3.75571e+35 4.27505e+20 5.89863e+38
1.17522e+15 3.88979e+35 4.35818e+20 5.96466e+38
1.19274e+15 4.02536e+35 4.44054e+20 6.03009e+38
1.21026e+15 4.16236e+35 4.52213e+20 6.09493e+38
1.22778e+15 4.30074e+35 4.60294e+20 6.1592e+38
1.2453e+15 4.44044e+35 4.68296e+20 6.2229e+38
1.26283e+15 4.58141e+35 4.76218e+20 6.28605e+38
1.28035e+15 4.72359e+35 4.8406e+20 6.34866e+38
1.29787e+15 4.86693e+35 4.91821e+20 6.41072e+38
1.31539e+15 5.01138e+35 4.995e+20 6.47227e+38
1.33291e+15 5.15689e+35 5.07098e+20 6.53329e+38
1.35043e+15 5.3034e+35 5.14614e+20 6.59382e+38
1.36796e+15 5.45086e+35 5.22048e+20 6.65384e+38
1.38548e+15 5.59924e+35 5.294e+20 6.71338e+38
1.403e+15 5.74846e+35 5.3667e+20 6.77244e+38
1.42052e+15 5.89849e+35 5.43858e+20 6.83103e+38
1.43804e+15 6.04929e+35 5.50964e+20 6.88916e+38
1.45556e+15 6.20079e+35 5.57988e+20 6.94684e+38
1.47309e+15 6.35295e+35 5.64931e+20 7.00408e+38
1.49061e+15 6.50574e+35 5.71793e+20 7.06088e+38
1.50813e+15 6.6591e+35 5.78574e+20 7.11725e+38
1.52565e+15 6.81298e+35 5.85274e+20 7.17321e+38
1.54317e+15 6.96736e+35 5.91894e+20 7.22875e+38
1.5607e+15 7.12217e+35 5.98435e+20 7.2839e+38
1.57822e+15 7.27739e+35 6.04896e+20 7.33864e+38
1.59574e+15 7.43297e+35 6.11278e+20 7.393e+38
1.61326e+15 7.58886e+35 6.17582e+20 7.44698e+38
1.63078e+15 7.74504e+35 6.23809e+20 7.50058e+38
1.6483e+15 7.90146e+35 6.29958e+20 7.55382e+38
1.66583e+15 8.05808e+35 6.36031e+20 7.6067e+38
1.68335e+15 8.21487e+35 6.42028e+20 7.65922e+38
1.70087e+15 8.37178e+35 6.47949e+20 7.7114e+38
1.71839e+15 8.5288e+35 6.53796e+20 7.76324e+38
1.73591e+15 8.68587e+35 6.59569e+20 7.81474e+38
1.75343e+15 8.84297e+35 6.65269e+20 7.86592e+38
1.77096e+15 9.00006e+35 6.70896e+20 7.91677e+38
1.78848e+15 9.15711e+35 6.7645e+20 7.96731e+38
1.806e+15 9.31409e+35 6.81934e+20 8.01754e+38
1.82352e+15 9.47097e+35 6.87347e+20 8.06747e+38
1.84104e+15 9.62771e+35 6.9269e+20 8.1171e+38
1.85856e+15 9.7843e+35 6.97964e+20 8.16643e+38
1.87609e+15 9.94069e+35 7.03169e+20 8.21548e+38
1.89361e+15 1.00969e+36 7.08307e+20 8.26424e+38
1.91113e+15 1.02528e+36 7.13377e+20 8.31273e+38
1.92865e+15 1.04085e+36 7.18381e+20 8.36095e+38
1.94617e+15 1.05638e+36 7.2332e+20 8.4089e+38
1.96369e+15 1.07189e+36 7.28194e+20 8.45658e+38
1.98122e+15 1.08736e+36 7.33004e+20 8.50401e+38
1.98297e+15 1.0889e+36 7.33481e+20 8.50874e+38
1.98472e+15 1.09045e+36 7.33958e+20 8.51347e+38
1.98647e+15 1.09199e+36 7.34434e+20 8.51819e+38
1.98823e+15 1.09353e+36 7.3491e+20 8.52291e+38
1.98824e+15 1.09355e+36 7.34914e+20 8.52296e+38
1.98826e+15 1.09356e+36 7.34919e+20 8.52301e+38
1.98826e+15 1.09357e+36 7.3492e+20 8.52301e+38
1.98826e+15 1.09357e+36 7.3492e+20 8.52302e+38
1.98827e+15 1.09357e+36 7.3492e+20 8.52302e+38
1.98827e+15 1.09357e+36 7.34921e+20 8.52303e+38
