233
7.81715 1.00985e+09 1 4.70913e+24
7.85637 1.00985e+10 1.15071e+09 4.73275e+24
8.10594 1.00985e+11 1.26191e+10 4.8831e+24
11.5376 1.2098e+12 1.21648e+11 6.95036e+24
16.3115 1.39981e+13 1.02261e+12 9.8262e+24
44.8536 1.70004e+14 6.10979e+12 2.70202e+25
210.907 5.81917e+15 4.89767e+13 1.27052e+26
1143.77 1.90031e+17 3.22418e+14 6.89018e+26
10384.2 9.74284e+18 2.09686e+15 6.25553e+27
26082.1 4.96683e+19 4.32308e+15 1.57121e+28
65514.6 2.43062e+20 8.63003e+15 3.94664e+28
164506 1.15084e+21 1.66987e+16 9.90989e+28
413417 5.26483e+21 3.12931e+16 2.49041e+29
1.03842e+06 2.31847e+22 5.66743e+16 6.2553e+29
2.60821e+06 9.75405e+22 9.87577e+16 1.5711e+30
6.55324e+06 3.91101e+23 1.66013e+17 3.94727e+30
8.24855e+06 5.25842e+23 1.84272e+17 4.96834e+30
1.64595e+07 1.43474e+24 2.58876e+17 9.91347e+30
3.28384e+07 3.8325e+24 3.5843e+17 1.97768e+31
6.55324e+07 1.00585e+25 4.88081e+17 3.94627e+31
1.30796e+08 2.60365e+25 6.54879e+17 7.87528e+31
2.61e+08 6.67472e+25 8.69929e+17 1.57121e+32
3.28562e+08 8.73669e+25 9.40084e+17 1.9778e+32
5.20912e+08 1.62955e+26 1.1191e+18 3.13521e+32
8.25569e+08 3.02822e+26 1.32916e+18 4.96798e+32
1.03931e+09 4.1289e+26 1.44857e+18 6.25358e+32
1.30885e+09 5.03572e+26 1.52617e+18 7.87463e+32
1.64809e+09 6.85897e+26 1.64869e+18 9.91465e+32
2.61178e+09 1.2718e+27 1.92682e+18 1.57084e+33
4.1413e+09 2.35532e+27 2.25127e+18 2.49009e+33
6.56572e+09 4.36121e+27 2.63236e+18 3.9466e+33
8.26638e+09 5.66056e+27 2.80792e+18 4.968e+33
1.04038e+10 7.7017e+27 3.02661e+18 6.25142e+33
1.31081e+10 1.04782e+28 3.26329e+18 7.87482e+33
1.65005e+10 1.42481e+28 3.51845e+18 9.91074e+33
2.07876e+10 1.93716e+28 3.79441e+18 1.24828e+34
2.61713e+10 2.50272e+28 4.03597e+18 1.57119e+34
3.29454e+10 3.40313e+28 4.34048e+18 1.97737e+34
4.15022e+10 4.62717e+28 4.67072e+18 2.49026e+34
5.22516e+10 5.94894e+28 4.95347e+18 3.13435e+34
6.58177e+10 8.08782e+28 5.31547e+18 3.94693e+34
8.28777e+10 1.09989e+29 5.70761e+18 4.96835e+34
1.04323e+11 1.49482e+29 6.13014e+18 6.25175e+34
1.31491e+11 2.03329e+29 6.58877e+18 7.87682e+34
1.65504e+11 2.59725e+29 6.97003e+18 9.91037e+34
1.83454e+11 2.89204e+29 7.13886e+18 1.09832e+35
2.08411e+11 3.28937e+29 7.34152e+18 1.24746e+35
2.62604e+11 4.47176e+29 7.84231e+18 1.57118e+35
3.30702e+11 5.81597e+29 8.29682e+18 1.97774e+35
4.275e+11 7.80423e+29 8.87056e+18 2.55519e+35
4.43544e+11 7.88915e+29 8.89002e+18 2.65089e+35
5.2002e+11 8.35057e+29 8.98559e+18 3.10703e+35
6.57464e+11 9.09717e+29 9.11297e+18 3.92671e+35
7.92055e+11 9.82935e+29 9.21411e+18 4.72927e+35
9.67468e+11 1.08291e+30 9.32786e+18 5.77513e+35
1.18959e+12 1.21781e+30 9.45286e+18 7.0993e+35
1.46305e+12 1.39885e+30 9.57565e+18 8.72943e+35
1.67394e+12 9.52334e+29 9.1741e+18 9.98789e+35
6.70637e+12 9.29103e+30 1.22156e+19 3.99159e+36
1.34234e+13 1.86827e+31 1.3173e+19 7.98107e+36
2.01441e+13 3.34064e+31 1.40502e+19 1.19688e+37
2.68825e+13 5.15268e+31 1.48211e+19 1.59634e+37
3.3621e+13 7.23387e+31 1.55091e+19 1.99548e+37
4.03595e+13 9.55058e+31 1.61343e+19 2.39433e+37
4.70979e+13 1.20868e+32 1.67135e+19 2.7929e+37
5.38542e+13 1.48361e+32 1.72571e+19 3.19229e+37
6.06105e+13 1.77855e+32 1.7771e+19 3.59144e+37
6.73668e+13 2.09577e+32 1.82651e+19 3.99036e+37
7.41231e+13 2.43222e+32 1.87391e+19 4.38908e+37
8.08972e+13 2.79111e+32 1.92001e+19 4.78863e+37
8.76713e+13 3.17242e+32 1.96509e+19 5.18799e+37
9.44454e+13 3.57456e+32 2.00914e+19 5.58714e+37
1.0122e+14 4.00073e+32 2.0525e+19 5.98613e+37
1.07994e+14 4.44933e+32 2.09518e+19 6.38489e+37
1.14768e+14 4.92357e+32 2.1376e+19 6.78346e+37
1.2156e+14 5.42344e+32 2.17964e+19 7.18292e+37
1.28352e+14 5.94894e+32 2.22149e+19 7.58218e+37
1.35144e+14 6.49528e+32 2.26279e+19 7.98125e+37
1.56696e+14 7.16161e+32 2.30867e+19 9.24691e+37
1.92884e+14 1.14746e+33 2.54403e+19 1.137e+38
2.13028e+14 1.457e+33 2.69538e+19 1.25486e+38
2.3442e+14 1.84888e+33 2.86899e+19 1.3798e+38
2.57416e+14 2.34555e+33 3.06892e+19 1.51384e+38
2.81661e+14 2.96558e+33 3.29643e+19 1.65481e+38
2.99131e+14 3.46545e+33 3.46646e+19 1.75616e+38
3.16653e+14 4.03635e+33 3.64709e+19 1.85767e+38
3.34174e+14 4.74806e+33 3.85983e+19 1.95896e+38
3.51696e+14 5.60086e+33 4.10129e+19 2.06001e+38
3.69218e+14 6.595e+33 4.36854e+19 2.16078e+38
3.8674e+14 7.73071e+33 4.65904e+19 2.26126e+38
4.04261e+14 9.00818e+33 4.97056e+19 2.36141e+38
4.21783e+14 1.04276e+34 5.30116e+19 2.46122e+38
4.39305e+14 1.19891e+34 5.64909e+19 2.56066e+38
4.56827e+14 1.36928e+34 6.01282e+19 2.65972e+38
4.74348e+14 1.55387e+34 6.39098e+19 2.75838e+38
4.9187e+14 1.75271e+34 6.78233e+19 2.85663e+38
5.09392e+14 1.96578e+34 7.18576e+19 2.95447e+38
5.26913e+14 2.1931e+34 7.60027e+19 3.05187e+38
5.44435e+14 2.43465e+34 8.02494e+19 3.14882e+38
5.61957e+14 2.69043e+34 8.45895e+19 3.24533e+38
5.79479e+14 2.96045e+34 8.90153e+19 3.34138e+38
5.97e+14 3.24468e+34 9.352e+19 3.43696e+38
6.14522e+14 3.54311e+34 9.80971e+19 3.53208e+38
6.32044e+14 3.85573e+34 1.02741e+20 3.62672e+38
6.49566e+14 4.18252e+34 1.07446e+20 3.72087e+38
6.67087e+14 4.52346e+34 1.12207e+20 3.81455e+38
6.84609e+14 4.87852e+34 1.17019e+20 3.90774e+38
7.02131e+14 5.24767e+34 1.21879e+20 4.00044e+38
7.19652e+14 5.63089e+34 1.26782e+20 4.09265e+38
7.37174e+14 6.02813e+34 1.31724e+20 4.18436e+38
7.54696e+14 6.43938e+34 1.36702e+20 4.27558e+38
7.72218e+14 6.86457e+34 1.41713e+20 4.36631e+38
7.89739e+14 7.30368e+34 1.46753e+20 4.45654e+38
8.07261e+14 7.75666e+34 1.5182e+20 4.54628e+38
8.24783e+14 8.22345e+34 1.56911e+20 4.63552e+38
8.42304e+14 8.70401e+34 1.62023e+20 4.72426e+38
8.59826e+14 9.19829e+34 1.67154e+20 4.81251e+38
8.77348e+14 9.70622e+34 1.72302e+20 4.90027e+38
8.9487e+14 1.02278e+35 1.77464e+20 4.98754e+38
9.12391e+14 1.07628e+35 1.82639e+20 5.07431e+38
9.29913e+14 1.13113e+35 1.87824e+20 5.1606e+38
9.47435e+14 1.18733e+35 1.93018e+20 5.2464e+38
9.64957e+14 1.24485e+35 1.98219e+20 5.33171e+38
9.82478e+14 1.3037e+35 2.03425e+20 5.41655e+38
1e+15 1.36387e+35 2.08636e+20 5.5009e+38
1.01752e+15 1.42535e+35 2.13848e+20 5.58477e+38
1.03504e+15 1.48813e+35 2.19061e+20 5.66816e+38
1.05257e+15 1.5522e+35 2.24274e+20 5.75109e+38
1.07009e+15 1.61756e+35 2.29485e+20 5.83354e+38
1.08761e+15 1.68419e+35 2.34694e+20 5.91552e+38
1.10513e+15 1.75209e+35 2.39897e+20 5.99704e+38
1.12265e+15 1.82124e+35 2.45096e+20 6.0781e+38
1.14017e+15 1.89164e+35 2.50288e+20 6.1587e+38
1.1577e+15 1.96327e+35 2.55473e+20 6.23884e+38
1.17522e+15 2.03613e+35 2.60649e+20 6.31854e+38
1.19274e+15 2.1102e+35 2.65817e+20 6.39778e+38
1.21026e+15 2.18548e+35 2.70973e+20 6.47657e+38
1.22778e+15 2.26195e+35 2.76119e+20 6.55493e+38
1.2453e+15 2.33959e+35 2.81253e+20 6.63284e+38
1.26283e+15 2.41841e+35 2.86374e+20 6.71032e+38
1.28035e+15 2.49839e+35 2.91482e+20 6.78737e+38
1.29787e+15 2.57951e+35 2.96575e+20 6.86398e+38
1.31539e+15 2.66176e+35 3.01654e+20 6.94018e+38
1.33291e+15 2.74513e+35 3.06717e+20 7.01595e+38
1.35043e+15 2.82961e+35 3.11764e+20 7.0913e+38
1.36796e+15 2.91519e+35 3.16794e+20 7.16624e+38
1.38548e+15 3.00184e+35 3.21806e+20 7.24077e+38
1.403e+15 3.08956e+35 3.26801e+20 7.31489e+38
1.42052e+15 3.17834e+35 3.31777e+20 7.38861e+38
1.43804e+15 3.26815e+35 3.36734e+20 7.46193e+38
1.45556e+15 3.35899e+35 3.41672e+20 7.53485e+38
1.47309e+15 3.45084e+35 3.46589e+20 7.60738e+38
1.49061e+15 3.54369e+35 3.51486e+20 7.67952e+38
1.50813e+15 3.63752e+35 3.56362e+20 7.75127e+38
1.52565e+15 3.73232e+35 3.61217e+20 7.82264e+38
1.54317e+15 3.82808e+35 3.6605e+20 7.89364e+38
1.5607e+15 3.92477e+35 3.70861e+20 7.96426e+38
1.57822e+15 4.02238e+35 3.7565e+20 8.03451e+38
1.59574e+15 4.1209e+35 3.80415e+20 8.1044e+38
1.61326e+15 4.22031e+35 3.85157e+20 8.17392e+38
1.63078e+15 4.3206e+35 3.89876e+20 8.24308e+38
1.6483e+15 4.42176e+35 3.94571e+20 8.31188e+38
1.66583e+15 4.52375e+35 3.99242e+20 8.38033e+38
1.68335e+15 4.62658e+35 4.03889e+20 8.44843e+38
1.70087e+15 4.73022e+35 4.08511e+20 8.51619e+38
1.71839e+15 4.83465e+35 4.13108e+20 8.5836e+38
1.73591e+15 4.93987e+35 4.1768e+20 8.65068e+38
1.75343e+15 5.04586e+35 4.22227e+20 8.71742e+38
1.77096e+15 5.15259e+35 4.26748e+20 8.78383e+38
1.78848e+15 5.26006e+35 4.31243e+20 8.84991e+38
1.806e+15 5.36824e+35 4.35712e+20 8.91566e+38
1.82352e+15 5.47712e+35 4.40155e+20 8.9811e+38
1.84104e+15 5.58669e+35 4.44572e+20 9.04622e+38
1.85856e+15 5.69692e+35 4.48963e+20 9.11102e+38
1.87609e+15 5.80781e+35 4.53326e+20 9.17551e+38
1.89361e+15 5.91933e+35 4.57663e+20 9.23969e+38
1.91113e+15 6.03147e+35 4.61974e+20 9.30357e+38
1.92865e+15 6.14421e+35 4.66257e+20 9.36714e+38
1.94617e+15 6.25753e+35 4.70513e+20 9.43042e+38
1.96369e+15 6.37143e+35 4.74742e+20 9.49341e+38
1.98122e+15 6.48588e+35 4.78944e+20 9.5561e+38
1.99874e+15 6.60087e+35 4.83118e+20 9.6185e+38
2.01626e+15 6.71637e+35 4.87265e+20 9.68062e+38
2.03378e+15 6.83239e+35 4.91385e+20 9.74245e+38
2.0513e+15 6.94889e+35 4.95477e+20 9.80401e+38
2.06883e+15 7.06586e+35 4.99542e+20 9.86529e+38
2.08635e+15 7.18329e+35 5.03579e+20 9.9263e+38
2.10387e+15 7.30116e+35 5.07588e+20 9.98703e+38
2.12139e+15 7.41946e+35 5.1157e+20 1.00475e+39
2.13891e+15 7.53817e+35 5.15524e+20 1.01077e+39
2.15643e+15 7.65727e+35 5.19451e+20 1.01676e+39
2.17396e+15 7.77675e+35 5.2335e+20 1.02273e+39
2.19148e+15 7.8966e+35 5.27221e+20 1.02868e+39
2.209e+15 8.0168e+35 5.31065e+20 1.03459e+39
2.22652e+15 8.13733e+35 5.34881e+20 1.04049e+39
2.24404e+15 8.25818e+35 5.3867e+20 1.04635e+39
2.26156e+15 8.37933e+35 5.42431e+20 1.0522e+39
2.27909e+15 8.50078e+35 5.46165e+20 1.05802e+39
2.29661e+15 8.6225e+35 5.49871e+20 1.06381e+39
2.31413e+15 8.74449e+35 5.53551e+20 1.06958e+39
2.33165e+15 8.86672e+35 5.57203e+20 1.07533e+39
2.34917e+15 8.98919e+35 5.60828e+20 1.08106e+39
2.36669e+15 9.11188e+35 5.64425e+20 1.08676e+39
2.38422e+15 9.23478e+35 5.67996e+20 1.09244e+39
2.40174e+15 9.35788e+35 5.7154e+20 1.0981e+39
2.41926e+15 9.48116e+35 5.75057e+20 1.10373e+39
2.43678e+15 9.60461e+35 5.78548e+20 1.10935e+39
2.4543e+15 9.72821e+35 5.82012e+20 1.11494e+39
2.47182e+15 9.85197e+35 5.85449e+20 1.12051e+39
2.48935e+15 9.97585e+35 5.8886e+20 1.12606e+39
2.50687e+15 1.00999e+36 5.92245e+20 1.13159e+39
2.52439e+15 1.0224e+36 5.95604e+20 1.1371e+39
2.54191e+15 1.03482e+36 5.98937e+20 1.14258e+39
2.55943e+15 1.04725e+36 6.02244e+20 1.14805e+39
2.57696e+15 1.05969e+36 6.05525e+20 1.1535e+39
2.59448e+15 1.07214e+36 6.08781e+20 1.15893e+39
2.612e+15 1.08459e+36 6.12011e+20 1.16433e+39
2.62952e+15 1.09704e+36 6.15217e+20 1.16972e+39
2.64704e+15 1.1095e+36 6.18397e+20 1.17509e+39
2.66456e+15 1.12196e+36 6.21552e+20 1.18044e+39
2.68209e+15 1.13443e+36 6.24683e+20 1.18577e+39
2.69961e+15 1.14689e+36 6.27789e+20 1.19109e+39
2.71713e+15 1.15936e+36 6.3087e+20 1.19638e+39
2.73465e+15 1.17182e+36 6.33928e+20 1.20166e+39
2.75217e+15 1.18429e+36 6.36961e+20 1.20692e+39
2.76969e+15 1.19675e+36 6.39971e+20 1.21216e+39
2.78722e+15 1.20921e+36 6.42957e+20 1.21739e+39
2.80474e+15 1.22166e+36 6.45919e+20 1.22259e+39
2.82226e+15 1.23411e+36 6.48858e+20 1.22778e+39
2.83978e+15 1.24656e+36 6.51774e+20 1.23296e+39
2.8573e+15 1.25899e+36 6.54667e+20 1.23811e+39
2.87482e+15 1.27143e+36 6.57537e+20 1.24325e+39
2.89235e+15 1.28385e+36 6.60385e+20 1.24838e+39
