206
7.81715 1.00985e+09 1 4.70913e+24
7.85637 1.00985e+10 1.15071e+09 4.73275e+24
8.10594 1.00985e+11 1.26191e+10 4.8831e+24
11.5376 1.2098e+12 1.21648e+11 6.95036e+24
16.3115 1.39981e+13 1.02261e+12 9.8262e+24
44.8536 1.70004e+14 6.10979e+12 2.70202e+25
210.907 5.81917e+15 4.89767e+13 1.27052e+26
1143.77 1.90031e+17 3.22418e+14 6.89018e+26
10384.2 9.74284e+18 2.09686e+15 6.25553e+27
26082.1 4.96683e+19 4.32308e+15 1.57121e+28
65514.6 2.43062e+20 8.63003e+15 3.94664e+28
164506 1.15084e+21 1.66987e+16 9.90989e+28
413417 5.26483e+21 3.12931e+16 2.49041e+29
1.03842e+06 2.31847e+22 5.66743e+16 6.2553e+29
2.60821e+06 9.75405e+22 9.87577e+16 1.5711e+30
6.55324e+06 3.91101e+23 1.66013e+17 3.94727e+30
8.24855e+06 5.25842e+23 1.84272e+17 4.96834e+30
1.64595e+07 1.43474e+24 2.58876e+17 9.91347e+30
3.28384e+07 3.8325e+24 3.5843e+17 1.97768e+31
6.55324e+07 1.00585e+25 4.88081e+17 3.94627e+31
1.30796e+08 2.60365e+25 6.54879e+17 7.87528e+31
2.61e+08 6.67472e+25 8.69929e+17 1.57121e+32
3.28562e+08 8.73669e+25 9.40084e+17 1.9778e+32
5.20912e+08 1.62955e+26 1.1191e+18 3.13521e+32
8.25569e+08 3.02822e+26 1.32916e+18 4.96798e+32
1.03931e+09 4.1289e+26 1.44857e+18 6.25358e+32
1.30885e+09 5.03572e+26 1.52617e+18 7.87463e+32
1.64809e+09 6.85897e+26 1.64869e+18 9.91465e+32
2.61178e+09 1.2718e+27 1.92682e+18 1.57084e+33
4.1413e+09 2.35532e+27 2.25127e+18 2.49009e+33
6.56572e+09 4.36121e+27 2.63236e+18 3.9466e+33
8.26638e+09 5.66056e+27 2.80792e+18 4.968e+33
1.04038e+10 7.7017e+27 3.02661e+18 6.25142e+33
1.31081e+10 1.04782e+28 3.26329e+18 7.87482e+33
1.65005e+10 1.42481e+28 3.51845e+18 9.91074e+33
2.07876e+10 1.93716e+28 3.79441e+18 1.24828e+34
2.61713e+10 2.50272e+28 4.03597e+18 1.57119e+34
3.29454e+10 3.40313e+28 4.34048e+18 1.97737e+34
4.15022e+10 4.62717e+28 4.67072e+18 2.49026e+34
5.22516e+10 5.94894e+28 4.95347e+18 3.13435e+34
6.58177e+10 8.08782e+28 5.31547e+18 3.94693e+34
8.28777e+10 1.09989e+29 5.70761e+18 4.96835e+34
1.04323e+11 1.49482e+29 6.13014e+18 6.25175e+34
1.31491e+11 2.03329e+29 6.58877e+18 7.87682e+34
1.65504e+11 2.59725e+29 6.97003e+18 9.91037e+34
1.83454e+11 2.89204e+29 7.13886e+18 1.09832e+35
2.08411e+11 3.28937e+29 7.34152e+18 1.24746e+35
2.62604e+11 4.47176e+29 7.84231e+18 1.57118e+35
3.30702e+11 5.81597e+29 8.29682e+18 1.97774e+35
4.275e+11 7.80423e+29 8.87056e+18 2.55519e+35
4.43544e+11 7.88915e+29 8.89002e+18 2.65089e+35
5.2002e+11 8.35057e+29 8.98559e+18 3.10703e+35
6.57464e+11 9.09717e+29 9.11297e+18 3.92671e+35
7.92055e+11 9.82935e+29 9.21411e+18 4.72927e+35
9.67468e+11 1.08291e+30 9.32786e+18 5.77513e+35
1.18959e+12 1.21781e+30 9.45286e+18 7.0993e+35
1.46305e+12 1.39885e+30 9.57565e+18 8.72943e+35
1.67394e+12 9.52334e+29 9.1741e+18 9.98789e+35
6.70637e+12 9.29103e+30 1.22156e+19 3.99159e+36
1.34234e+13 1.86827e+31 1.3173e+19 7.98107e+36
2.01441e+13 3.34064e+31 1.40502e+19 1.19688e+37
2.68825e+13 5.15268e+31 1.48211e+19 1.59634e+37
3.3621e+13 7.23387e+31 1.55091e+19 1.99548e+37
4.03595e+13 9.55058e+31 1.61343e+19 2.39433e+37
4.70979e+13 1.20868e+32 1.67135e+19 2.7929e+37
5.38542e+13 1.48361e+32 1.72571e+19 3.19229e+37
6.06105e+13 1.77855e+32 1.7771e+19 3.59144e+37
6.73668e+13 2.09577e+32 1.82651e+19 3.99036e+37
7.41231e+13 2.43222e+32 1.87391e+19 4.38908e+37
8.08972e+13 2.79111e+32 1.92001e+19 4.78863e+37
8.76713e+13 3.17242e+32 1.96509e+19 5.18799e+37
9.44454e+13 3.57456e+32 2.00914e+19 5.58714e+37
1.0122e+14 4.00073e+32 2.0525e+19 5.98613e+37
1.07994e+14 4.44933e+32 2.09518e+19 6.38489e+37
1.14768e+14 4.92357e+32 2.1376e+19 6.78346e+37
1.2156e+14 5.42344e+32 2.17964e+19 7.18292e+37
1.28352e+14 5.94894e+32 2.22149e+19 7.58218e+37
1.35144e+14 6.49528e+32 2.26279e+19 7.98125e+37
1.56856e+14 1.1151e+33 2.57418e+19 9.25499e+37
1.93241e+14 1.84247e+33 2.98596e+19 1.13801e+38
2.13385e+14 2.35997e+33 3.23753e+19 1.25523e+38
2.35133e+14 3.01204e+33 3.52433e+19 1.38141e+38
2.58129e+14 3.83234e+33 3.85167e+19 1.51437e+38
2.82908e+14 4.85131e+33 4.2216e+19 1.65709e+38
3.00379e+14 5.67482e+33 4.49836e+19 1.75735e+38
3.1787e+14 6.58082e+33 4.7815e+19 1.85749e+38
3.3536e+14 7.65302e+33 5.09795e+19 1.9573e+38
3.52851e+14 8.89232e+33 5.44426e+19 2.05677e+38
3.70341e+14 1.02996e+34 5.81745e+19 2.15585e+38
3.87832e+14 1.18755e+34 6.21493e+19 2.25451e+38
4.05322e+14 1.3621e+34 6.63442e+19 2.35275e+38
4.22813e+14 1.55365e+34 7.07388e+19 2.45053e+38
4.40303e+14 1.76228e+34 7.53154e+19 2.54784e+38
4.57794e+14 1.98803e+34 8.00576e+19 2.64466e+38
4.75284e+14 2.23096e+34 8.49513e+19 2.74097e+38
4.92775e+14 2.4911e+34 8.99832e+19 2.83677e+38
5.10265e+14 2.76848e+34 9.51415e+19 2.93204e+38
5.27756e+14 3.06313e+34 1.00416e+20 3.02677e+38
5.45246e+14 3.37508e+34 1.05796e+20 3.12096e+38
5.62737e+14 3.70432e+34 1.11272e+20 3.21459e+38
5.80227e+14 4.05088e+34 1.16837e+20 3.30767e+38
5.97718e+14 4.41473e+34 1.22483e+20 3.40017e+38
6.15208e+14 4.79588e+34 1.28203e+20 3.49211e+38
6.32699e+14 5.1943e+34 1.3399e+20 3.58348e+38
6.5019e+14 5.60997e+34 1.39838e+20 3.67426e+38
6.6768e+14 6.04285e+34 1.45741e+20 3.76447e+38
6.85171e+14 6.49291e+34 1.51694e+20 3.8541e+38
7.02661e+14 6.96008e+34 1.57692e+20 3.94315e+38
7.20152e+14 7.44432e+34 1.63729e+20 4.03162e+38
7.37642e+14 7.94556e+34 1.69803e+20 4.11951e+38
7.55133e+14 8.46373e+34 1.75908e+20 4.20681e+38
7.72623e+14 8.99873e+34 1.8204e+20 4.29353e+38
7.90114e+14 9.55049e+34 1.88196e+20 4.37968e+38
8.07604e+14 1.01189e+35 1.94372e+20 4.46525e+38
8.25095e+14 1.07039e+35 2.00565e+20 4.55024e+38
8.42585e+14 1.13053e+35 2.06772e+20 4.63466e+38
8.60076e+14 1.1923e+35 2.12988e+20 4.71852e+38
8.77566e+14 1.25568e+35 2.19213e+20 4.8018e+38
8.95057e+14 1.32068e+35 2.25442e+20 4.88452e+38
9.12547e+14 1.38726e+35 2.31674e+20 4.96668e+38
9.30038e+14 1.45541e+35 2.37905e+20 5.04828e+38
9.47528e+14 1.52513e+35 2.44133e+20 5.12933e+38
9.65019e+14 1.59638e+35 2.50356e+20 5.20983e+38
9.82509e+14 1.66915e+35 2.56572e+20 5.28979e+38
1e+15 1.74343e+35 2.62778e+20 5.36921e+38
1.01749e+15 1.81919e+35 2.68973e+20 5.44808e+38
1.03498e+15 1.89642e+35 2.75154e+20 5.52643e+38
1.05247e+15 1.97509e+35 2.8132e+20 5.60425e+38
1.06996e+15 2.05518e+35 2.87468e+20 5.68155e+38
1.08745e+15 2.13666e+35 2.93598e+20 5.75833e+38
1.10494e+15 2.21953e+35 2.99707e+20 5.8346e+38
1.12243e+15 2.30374e+35 3.05793e+20 5.91037e+38
1.13992e+15 2.38928e+35 3.11856e+20 5.98563e+38
1.15741e+15 2.47612e+35 3.17894e+20 6.06039e+38
1.17491e+15 2.56423e+35 3.23905e+20 6.13466e+38
1.1924e+15 2.6536e+35 3.29888e+20 6.20845e+38
1.20989e+15 2.74418e+35 3.35842e+20 6.28175e+38
1.22738e+15 2.83595e+35 3.41765e+20 6.35458e+38
1.24487e+15 2.92889e+35 3.47656e+20 6.42694e+38
1.26236e+15 3.02297e+35 3.53514e+20 6.49884e+38
1.27985e+15 3.11815e+35 3.59338e+20 6.57027e+38
1.29734e+15 3.2144e+35 3.65126e+20 6.64126e+38
1.31483e+15 3.3117e+35 3.70878e+20 6.71179e+38
1.33232e+15 3.41001e+35 3.76593e+20 6.78188e+38
1.34981e+15 3.5093e+35 3.8227e+20 6.85154e+38
1.3673e+15 3.60954e+35 3.87907e+20 6.92076e+38
1.38479e+15 3.71069e+35 3.93505e+20 6.98956e+38
1.40228e+15 3.81272e+35 3.99061e+20 7.05794e+38
1.41977e+15 3.91561e+35 4.04576e+20 7.1259e+38
1.43726e+15 4.01931e+35 4.10048e+20 7.19345e+38
1.45475e+15 4.12378e+35 4.15477e+20 7.2606e+38
1.47224e+15 4.22901e+35 4.20862e+20 7.32735e+38
1.48973e+15 4.33494e+35 4.26202e+20 7.39371e+38
1.50723e+15 4.44155e+35 4.31497e+20 7.45968e+38
1.52472e+15 4.5488e+35 4.36747e+20 7.52526e+38
1.54221e+15 4.65665e+35 4.41949e+20 7.59047e+38
1.5597e+15 4.76507e+35 4.47105e+20 7.65531e+38
1.57719e+15 4.87402e+35 4.52213e+20 7.71978e+38
1.59468e+15 4.98346e+35 4.57273e+20 7.78389e+38
1.61217e+15 5.09337e+35 4.62285e+20 7.84765e+38
1.62966e+15 5.20369e+35 4.67247e+20 7.91106e+38
1.64715e+15 5.31441e+35 4.7216e+20 7.97412e+38
1.66464e+15 5.42547e+35 4.77024e+20 8.03683e+38
1.68213e+15 5.53685e+35 4.81837e+20 8.09922e+38
1.69962e+15 5.6485e+35 4.866e+20 8.16127e+38
1.71711e+15 5.76039e+35 4.91312e+20 8.223e+38
1.7346e+15 5.87249e+35 4.95974e+20 8.28441e+38
1.75209e+15 5.98475e+35 5.00584e+20 8.34551e+38
1.76958e+15 6.09714e+35 5.05142e+20 8.40629e+38
1.78707e+15 6.20963e+35 5.09648e+20 8.46677e+38
1.80456e+15 6.32217e+35 5.14103e+20 8.52695e+38
1.82205e+15 6.43474e+35 5.18506e+20 8.58683e+38
1.83955e+15 6.5473e+35 5.22856e+20 8.64643e+38
1.85704e+15 6.65981e+35 5.27154e+20 8.70573e+38
1.87453e+15 6.77224e+35 5.314e+20 8.76476e+38
1.89202e+15 6.88455e+35 5.35593e+20 8.8235e+38
1.90951e+15 6.99671e+35 5.39733e+20 8.88198e+38
1.927e+15 7.10869e+35 5.43821e+20 8.94019e+38
1.94449e+15 7.22044e+35 5.47856e+20 8.99813e+38
1.96198e+15 7.33195e+35 5.51839e+20 9.05581e+38
1.97947e+15 7.44317e+35 5.55768e+20 9.11324e+38
1.99696e+15 7.55408e+35 5.59645e+20 9.17042e+38
2.01445e+15 7.66464e+35 5.6347e+20 9.22736e+38
2.03194e+15 7.77482e+35 5.67242e+20 9.28405e+38
2.04943e+15 7.88459e+35 5.70962e+20 9.3405e+38
2.06692e+15 7.99392e+35 5.7463e+20 9.39672e+38
2.08441e+15 8.10278e+35 5.78245e+20 9.45271e+38
2.1019e+15 8.21115e+35 5.81808e+20 9.50848e+38
2.11939e+15 8.31898e+35 5.8532e+20 9.56402e+38
2.13688e+15 8.42627e+35 5.88779e+20 9.61935e+38
2.15437e+15 8.53297e+35 5.92188e+20 9.67446e+38
2.17187e+15 8.63906e+35 5.95545e+20 9.72937e+38
2.18936e+15 8.74452e+35 5.98851e+20 9.78406e+38
2.20685e+15 8.84933e+35 6.02106e+20 9.83856e+38
2.22434e+15 8.95345e+35 6.0531e+20 9.89285e+38
2.24183e+15 9.05686e+35 6.08465e+20 9.94695e+38
2.25932e+15 9.15954e+35 6.11569e+20 1.00009e+39
2.27681e+15 9.26148e+35 6.14623e+20 1.00546e+39
2.2943e+15 9.36264e+35 6.17628e+20 1.01081e+39
2.31179e+15 9.463e+35 6.20584e+20 1.01615e+39
2.32928e+15 9.56255e+35 6.23491e+20 1.02147e+39
2.34677e+15 9.66127e+35 6.2635e+20 1.02677e+39
2.36426e+15 9.75914e+35 6.2916e+20 1.03205e+39
2.38175e+15 9.85614e+35 6.31923e+20 1.03732e+39
2.39924e+15 9.95225e+35 6.34639e+20 1.04257e+39
2.41673e+15 1.00475e+36 6.37307e+20 1.0478e+39
