228
7.81715 1.00985e+09 1 4.70913e+24
7.85637 1.00985e+10 1.15071e+09 4.73275e+24
8.10594 1.00985e+11 1.26191e+10 4.8831e+24
11.5376 1.2098e+12 1.21648e+11 6.95036e+24
16.3115 1.39981e+13 1.02261e+12 9.8262e+24
44.8536 1.70004e+14 6.10979e+12 2.70202e+25
210.907 5.81917e+15 4.89767e+13 1.27052e+26
1143.77 1.90031e+17 3.22418e+14 6.89018e+26
10384.2 9.74284e+18 2.09686e+15 6.25553e+27
26082.1 4.96683e+19 4.32308e+15 1.57121e+28
65514.6 2.43062e+20 8.63003e+15 3.94664e+28
164506 1.15084e+21 1.66987e+16 9.90989e+28
413417 5.26483e+21 3.12931e+16 2.49041e+29
1.03842e+06 2.31847e+22 5.66743e+16 6.2553e+29
2.60821e+06 9.75405e+22 9.87577e+16 1.5711e+30
6.55324e+06 3.91101e+23 1.66013e+17 3.94727e+30
8.24855e+06 5.25842e+23 1.84272e+17 4.96834e+30
1.64595e+07 1.43474e+24 2.58876e+17 9.91347e+30
3.28384e+07 3.8325e+24 3.5843e+17 1.97768e+31
6.55324e+07 1.00585e+25 4.88081e+17 3.94627e+31
1.30796e+08 2.60365e+25 6.54879e+17 7.87528e+31
2.61e+08 6.67472e+25 8.69929e+17 1.57121e+32
3.28562e+08 8.73669e+25 9.40084e+17 1.9778e+32
5.20912e+08 1.62955e+26 1.1191e+18 3.13521e+32
8.25569e+08 3.02822e+26 1.32916e+18 4.96798e+32
1.03931e+09 4.1289e+26 1.44857e+18 6.25358e+32
1.30885e+09 5.03572e+26 1.52617e+18 7.87463e+32
1.64809e+09 6.85897e+26 1.64869e+18 9.91465e+32
2.61178e+09 1.2718e+27 1.92682e+18 1.57084e+33
4.1413e+09 2.35532e+27 2.25127e+18 2.49009e+33
6.56572e+09 4.36121e+27 2.63236e+18 3.9466e+33
8.26638e+09 5.66056e+27 2.80792e+18 4.968e+33
1.04038e+10 7.7017e+27 3.02661e+18 6.25142e+33
1.31081e+10 1.04782e+28 3.26329e+18 7.87482e+33
1.65005e+10 1.42481e+28 3.51845e+18 9.91074e+33
2.07876e+10 1.93716e+28 3.79441e+18 1.24828e+34
2.61713e+10 2.50272e+28 4.03597e+18 1.57119e+34
3.29454e+10 3.40313e+28 4.34048e+18 1.97737e+34
4.15022e+10 4.62717e+28 4.67072e+18 2.49026e+34
5.22516e+10 5.94894e+28 4.95347e+18 3.13435e+34
6.58177e+10 8.08782e+28 5.31547e+18 3.94693e+34
8.28777e+10 1.09989e+29 5.70761e+18 4.96835e+34
1.04323e+11 1.49482e+29 6.13014e+18 6.25175e+34
1.31491e+11 2.03329e+29 6.58877e+18 7.87682e+34
1.65504e+11 2.59725e+29 6.97003e+18 9.91037e+34
1.83454e+11 2.89204e+29 7.13886e+18 1.09832e+35
2.08411e+11 3.28937e+29 7.34152e+18 1.24746e+35
2.62604e+11 4.47176e+29 7.84231e+18 1.57118e+35
3.30702e+11 5.81597e+29 8.29682e+18 1.97774e+35
4.275e+11 7.80423e+29 8.87056e+18 2.55519e+35
4.43544e+11 7.88915e+29 8.89002e+18 2.65089e+35
5.2002e+11 8.35057e+29 8.98559e+18 3.10703e+35
6.57464e+11 9.09717e+29 9.11297e+18 3.92671e+35
7.92055e+11 9.82935e+29 9.21411e+18 4.72927e+35
9.67468e+11 1.08291e+30 9.32786e+18 5.77513e+35
1.18959e+12 1.21781e+30 9.45286e+18 7.0993e+35
1.46305e+12 1.39885e+30 9.57565e+18 8.72943e+35
1.67394e+12 9.52334e+29 9.1741e+18 9.98789e+35
6.70637e+12 9.29103e+30 1.22156e+19 3.99159e+36
1.34234e+13 1.86827e+31 1.3173e+19 7.98107e+36
2.01441e+13 3.34064e+31 1.40502e+19 1.19688e+37
2.68825e+13 5.15268e+31 1.48211e+19 1.59634e+37
3.3621e+13 7.23387e+31 1.55091e+19 1.99548e+37
4.03595e+13 9.55058e+31 1.61343e+19 2.39433e+37
4.70979e+13 1.20868e+32 1.67135e+19 2.7929e+37
5.38542e+13 1.48361e+32 1.72571e+19 3.19229e+37
6.06105e+13 1.77855e+32 1.7771e+19 3.59144e+37
6.73668e+13 2.09577e+32 1.82651e+19 3.99036e+37
7.41231e+13 2.43222e+32 1.87391e+19 4.38908e+37
8.08972e+13 2.79111e+32 1.92001e+19 4.78863e+37
8.76713e+13 3.17242e+32 1.96509e+19 5.18799e+37
9.44454e+13 3.57456e+32 2.00914e+19 5.58714e+37
1.0122e+14 4.00073e+32 2.0525e+19 5.98613e+37
1.07994e+14 4.44933e+32 2.09518e+19 6.38489e+37
1.14768e+14 4.92357e+32 2.1376e+19 6.78346e+37
1.2156e+14 5.42344e+32 2.17964e+19 7.18292e+37
1.28352e+14 5.94894e+32 2.22149e+19 7.58218e+37
1.35144e+14 6.49528e+32 2.26279e+19 7.98125e+37
1.56696e+14 7.16161e+32 2.30867e+19 9.24691e+37
1.92884e+14 1.14746e+33 2.54403e+19 1.137e+38
2.13028e+14 1.457e+33 2.69538e+19 1.25486e+38
2.3442e+14 1.84888e+33 2.86899e+19 1.3798e+38
2.57416e+14 2.34555e+33 3.06892e+19 1.51384e+38
2.81661e+14 2.96558e+33 3.29643e+19 1.65481e+38
2.99131e+14 3.46545e+33 3.46646e+19 1.75616e+38
3.16653e+14 4.04114e+33 3.6486e+19 1.85767e+38
3.34174e+14 4.76676e+33 3.8655e+19 1.95896e+38
3.51696e+14 5.64192e+33 4.11326e+19 2.06e+38
3.69218e+14 6.66621e+33 4.38857e+19 2.16076e+38
3.8674e+14 7.83925e+33 4.68854e+19 2.26121e+38
4.04261e+14 9.16066e+33 5.01067e+19 2.36132e+38
4.21783e+14 1.06301e+34 5.35275e+19 2.46108e+38
4.39305e+14 1.22472e+34 5.71287e+19 2.56046e+38
4.56827e+14 1.40117e+34 6.08932e+19 2.65945e+38
4.74348e+14 1.59232e+34 6.4806e+19 2.75803e+38
4.9187e+14 1.79816e+34 6.88536e+19 2.85618e+38
5.09392e+14 2.01866e+34 7.30241e+19 2.9539e+38
5.26913e+14 2.2538e+34 7.7307e+19 3.05117e+38
5.44435e+14 2.50358e+34 8.16926e+19 3.14799e+38
5.61957e+14 2.76797e+34 8.61724e+19 3.24434e+38
5.79479e+14 3.04697e+34 9.07387e+19 3.34022e+38
5.97e+14 3.34059e+34 9.53846e+19 3.43562e+38
6.14522e+14 3.64883e+34 1.00104e+20 3.53054e+38
6.32044e+14 3.9717e+34 1.04891e+20 3.62497e+38
6.49566e+14 4.30921e+34 1.09741e+20 3.7189e+38
6.67087e+14 4.66139e+34 1.14648e+20 3.81234e+38
6.84609e+14 5.02828e+34 1.1961e+20 3.90527e+38
7.02131e+14 5.40989e+34 1.24622e+20 3.99771e+38
7.19652e+14 5.80628e+34 1.29681e+20 4.08964e+38
7.37174e+14 6.2175e+34 1.34784e+20 4.18106e+38
7.54696e+14 6.64359e+34 1.39929e+20 4.27197e+38
7.72218e+14 7.08463e+34 1.45111e+20 4.36238e+38
7.89739e+14 7.54067e+34 1.5033e+20 4.45227e+38
8.07261e+14 8.01181e+34 1.55584e+20 4.54166e+38
8.24783e+14 8.49811e+34 1.60871e+20 4.63053e+38
8.42304e+14 8.99967e+34 1.66188e+20 4.71889e+38
8.59826e+14 9.51658e+34 1.71535e+20 4.80674e+38
8.77348e+14 1.0049e+35 1.7691e+20 4.89408e+38
8.9487e+14 1.05969e+35 1.82312e+20 4.9809e+38
9.12391e+14 1.11605e+35 1.8774e+20 5.06722e+38
9.29913e+14 1.17399e+35 1.93193e+20 5.15303e+38
9.47435e+14 1.23352e+35 1.9867e+20 5.23833e+38
9.64957e+14 1.29465e+35 2.04171e+20 5.32312e+38
9.82478e+14 1.3574e+35 2.09694e+20 5.4074e+38
1e+15 1.42178e+35 2.15238e+20 5.49118e+38
1.01752e+15 1.4878e+35 2.20804e+20 5.57445e+38
1.03504e+15 1.55548e+35 2.2639e+20 5.65722e+38
1.05257e+15 1.62482e+35 2.31996e+20 5.73949e+38
1.07009e+15 1.69585e+35 2.37621e+20 5.82126e+38
1.08761e+15 1.76857e+35 2.43265e+20 5.90252e+38
1.10513e+15 1.843e+35 2.48926e+20 5.98329e+38
1.12265e+15 1.91914e+35 2.54605e+20 6.06357e+38
1.14017e+15 1.99701e+35 2.603e+20 6.14334e+38
1.1577e+15 2.07662e+35 2.66011e+20 6.22263e+38
1.17522e+15 2.15798e+35 2.71738e+20 6.30142e+38
1.19274e+15 2.24109e+35 2.77479e+20 6.37972e+38
1.21026e+15 2.32597e+35 2.83233e+20 6.45754e+38
1.22778e+15 2.41261e+35 2.89e+20 6.53487e+38
1.2453e+15 2.50103e+35 2.94779e+20 6.61172e+38
1.26283e+15 2.59123e+35 3.00568e+20 6.68808e+38
1.28035e+15 2.6832e+35 3.06367e+20 6.76397e+38
1.29787e+15 2.77694e+35 3.12175e+20 6.83938e+38
1.31539e+15 2.87246e+35 3.1799e+20 6.91431e+38
1.33291e+15 2.96975e+35 3.23811e+20 6.98877e+38
1.35043e+15 3.06879e+35 3.29638e+20 7.06276e+38
1.36796e+15 3.16959e+35 3.35467e+20 7.13629e+38
1.38548e+15 3.27213e+35 3.41299e+20 7.20934e+38
1.403e+15 3.37639e+35 3.47131e+20 7.28194e+38
1.42052e+15 3.48235e+35 3.52962e+20 7.35408e+38
1.43804e+15 3.59001e+35 3.5879e+20 7.42576e+38
1.45556e+15 3.69933e+35 3.64614e+20 7.49699e+38
1.47309e+15 3.8103e+35 3.70432e+20 7.56776e+38
1.49061e+15 3.92287e+35 3.76242e+20 7.6381e+38
1.50813e+15 4.03704e+35 3.82042e+20 7.70798e+38
1.52565e+15 4.15275e+35 3.87831e+20 7.77743e+38
1.54317e+15 4.26999e+35 3.93607e+20 7.84644e+38
1.5607e+15 4.3887e+35 3.99367e+20 7.91502e+38
1.57822e+15 4.50886e+35 4.05111e+20 7.98317e+38
1.59574e+15 4.63041e+35 4.10835e+20 8.05089e+38
1.61326e+15 4.75332e+35 4.16538e+20 8.11819e+38
1.63078e+15 4.87754e+35 4.22219e+20 8.18508e+38
1.6483e+15 5.00302e+35 4.27875e+20 8.25155e+38
1.66583e+15 5.12971e+35 4.33504e+20 8.31761e+38
1.68335e+15 5.25755e+35 4.39105e+20 8.38326e+38
1.70087e+15 5.3865e+35 4.44675e+20 8.44852e+38
1.71839e+15 5.5165e+35 4.50214e+20 8.51338e+38
1.73591e+15 5.6475e+35 4.55718e+20 8.57784e+38
1.75343e+15 5.77943e+35 4.61187e+20 8.64192e+38
1.77096e+15 5.91224e+35 4.66619e+20 8.70562e+38
1.78848e+15 6.04587e+35 4.72012e+20 8.76894e+38
1.806e+15 6.18026e+35 4.77365e+20 8.83189e+38
1.82352e+15 6.31534e+35 4.82676e+20 8.89446e+38
1.84104e+15 6.45107e+35 4.87944e+20 8.95668e+38
1.85856e+15 6.58738e+35 4.93167e+20 9.01853e+38
1.87609e+15 6.7242e+35 4.98344e+20 9.08003e+38
1.89361e+15 6.86148e+35 5.03474e+20 9.14118e+38
1.91113e+15 6.99916e+35 5.08555e+20 9.20199e+38
1.92865e+15 7.13718e+35 5.13588e+20 9.26246e+38
1.94617e+15 7.27548e+35 5.1857e+20 9.32259e+38
1.96369e+15 7.414e+35 5.235e+20 9.38239e+38
1.98122e+15 7.55268e+35 5.28379e+20 9.44187e+38
1.99874e+15 7.69146e+35 5.33204e+20 9.50103e+38
2.01626e+15 7.8303e+35 5.37976e+20 9.55987e+38
2.03378e+15 7.96913e+35 5.42693e+20 9.61841e+38
2.0513e+15 8.10791e+35 5.47356e+20 9.67664e+38
2.06883e+15 8.24657e+35 5.51963e+20 9.73457e+38
2.08635e+15 8.38508e+35 5.56514e+20 9.7922e+38
2.10387e+15 8.52337e+35 5.61009e+20 9.84955e+38
2.12139e+15 8.66141e+35 5.65448e+20 9.9066e+38
2.13891e+15 8.79914e+35 5.69829e+20 9.96338e+38
2.15643e+15 8.93652e+35 5.74154e+20 1.00199e+39
2.17396e+15 9.0735e+35 5.78422e+20 1.00761e+39
2.19148e+15 9.21005e+35 5.82633e+20 1.01321e+39
2.209e+15 9.34613e+35 5.86787e+20 1.01878e+39
2.22652e+15 9.48168e+35 5.90883e+20 1.02432e+39
2.24404e+15 9.61669e+35 5.94923e+20 1.02984e+39
2.26156e+15 9.75111e+35 5.98905e+20 1.03534e+39
2.27909e+15 9.88491e+35 6.02831e+20 1.04081e+39
2.29661e+15 1.0018e+36 6.06701e+20 1.04625e+39
2.31413e+15 1.01505e+36 6.10514e+20 1.05167e+39
2.33165e+15 1.02822e+36 6.14272e+20 1.05707e+39
2.34917e+15 1.04132e+36 6.17974e+20 1.06245e+39
2.36669e+15 1.05435e+36 6.2162e+20 1.0678e+39
2.38422e+15 1.06729e+36 6.25212e+20 1.07314e+39
2.40174e+15 1.08015e+36 6.2875e+20 1.07845e+39
2.41926e+15 1.09293e+36 6.32234e+20 1.08374e+39
2.43678e+15 1.10563e+36 6.35664e+20 1.08901e+39
2.4543e+15 1.11823e+36 6.39042e+20 1.09426e+39
2.47182e+15 1.13075e+36 6.42367e+20 1.09949e+39
2.48935e+15 1.14317e+36 6.4564e+20 1.1047e+39
2.50687e+15 1.15551e+36 6.48862e+20 1.10989e+39
2.52439e+15 1.16775e+36 6.52033e+20 1.11506e+39
2.54191e+15 1.17989e+36 6.55154e+20 1.12021e+39
2.55943e+15 1.19194e+36 6.58226e+20 1.12534e+39
2.57696e+15 1.20389e+36 6.61249e+20 1.13046e+39
2.59448e+15 1.21574e+36 6.64224e+20 1.13556e+39
2.612e+15 1.2275e+36 6.67151e+20 1.14064e+39
2.62952e+15 1.23916e+36 6.70031e+20 1.14571e+39
2.64704e+15 1.25071e+36 6.72865e+20 1.15076e+39
2.66456e+15 1.26217e+36 6.75654e+20 1.15579e+39
2.68209e+15 1.27352e+36 6.78398e+20 1.16081e+39
2.69961e+15 1.28478e+36 6.81097e+20 1.16581e+39
2.71713e+15 1.29593e+36 6.83753e+20 1.1708e+39
2.73465e+15 1.30699e+36 6.86366e+20 1.17577e+39
2.75217e+15 1.31794e+36 6.88937e+20 1.18072e+39
2.76969e+15 1.32879e+36 6.91466e+20 1.18567e+39
2.78722e+15 1.33954e+36 6.93954e+20 1.19059e+39
2.80474e+15 1.35019e+36 6.96403e+20 1.19551e+39
