235
7.81715 1.00985e+09 1 4.70913e+24
7.85637 1.00985e+10 1.15071e+09 4.73275e+24
8.10594 1.00985e+11 1.26191e+10 4.8831e+24
11.5376 1.2098e+12 1.21648e+11 6.95036e+24
16.3115 1.39981e+13 1.02261e+12 9.8262e+24
44.8536 1.70004e+14 6.10979e+12 2.70202e+25
210.907 5.81917e+15 4.89767e+13 1.27052e+26
1143.77 1.90031e+17 3.22418e+14 6.89018e+26
10384.2 9.74284e+18 2.09686e+15 6.25553e+27
26082.1 4.96683e+19 4.32308e+15 1.57121e+28
65514.6 2.43062e+20 8.63003e+15 3.94664e+28
164506 1.15084e+21 1.66987e+16 9.90989e+28
413417 5.26483e+21 3.12931e+16 2.49041e+29
1.03842e+06 2.31847e+22 5.66743e+16 6.2553e+29
2.60821e+06 9.75405e+22 9.87577e+16 1.5711e+30
6.55324e+06 3.91101e+23 1.66013e+17 3.94727e+30
8.24855e+06 5.25842e+23 1.84272e+17 4.96834e+30
1.64595e+07 1.43474e+24 2.58876e+17 9.91347e+30
3.28384e+07 3.8325e+24 3.5843e+17 1.97768e+31
6.55324e+07 1.00585e+25 4.88081e+17 3.94627e+31
1.30796e+08 2.60365e+25 6.54879e+17 7.87528e+31
2.61e+08 6.67472e+25 8.69929e+17 1.57121e+32
3.28562e+08 8.73669e+25 9.40084e+17 1.9778e+32
5.20912e+08 1.62955e+26 1.1191e+18 3.13521e+32
8.25569e+08 3.02822e+26 1.32916e+18 4.96798e+32
1.03931e+09 4.1289e+26 1.44857e+18 6.25358e+32
1.30885e+09 5.03572e+26 1.52617e+18 7.87463e+32
1.64809e+09 6.85897e+26 1.64869e+18 9.91465e+32
2.61178e+09 1.2718e+27 1.92682e+18 1.57084e+33
4.1413e+09 2.35532e+27 2.25127e+18 2.49009e+33
6.56572e+09 4.36121e+27 2.63236e+18 3.9466e+33
8.26638e+09 5.66056e+27 2.80792e+18 4.968e+33
1.04038e+10 7.7017e+27 3.02661e+18 6.25142e+33
1.31081e+10 1.04782e+28 3.26329e+18 7.87482e+33
1.65005e+10 1.42481e+28 3.51845e+18 9.91074e+33
2.07876e+10 1.93716e+28 3.79441e+18 1.24828e+34
2.61713e+10 2.50272e+28 4.03597e+18 1.57119e+34
3.29454e+10 3.40313e+28 4.34048e+18 1.97737e+34
4.15022e+10 4.62717e+28 4.67072e+18 2.49026e+34
5.22516e+10 5.94894e+28 4.95347e+18 3.13435e+34
6.58177e+10 8.08782e+28 5.31547e+18 3.94693e+34
8.28777e+10 1.09989e+29 5.70761e+18 4.96835e+34
1.04323e+11 1.49482e+29 6.13014e+18 6.25175e+34
1.31491e+11 2.03329e+29 6.58877e+18 7.87682e+34
1.65504e+11 2.59725e+29 6.97003e+18 9.91037e+34
1.83454e+11 2.89204e+29 7.13886e+18 1.09832e+35
2.08411e+11 3.28937e+29 7.34152e+18 1.24746e+35
2.62604e+11 4.47176e+29 7.84231e+18 1.57118e+35
3.30702e+11 5.81597e+29 8.29682e+18 1.97774e+35
4.275e+11 7.80423e+29 8.87056e+18 2.55519e+35
4.43544e+11 7.88915e+29 8.89002e+18 2.65089e+35
5.2002e+11 8.35057e+29 8.98559e+18 3.10703e+35
6.57464e+11 9.09717e+29 9.11297e+18 3.92671e+35
7.92055e+11 9.82935e+29 9.21411e+18 4.72927e+35
9.67468e+11 1.08291e+30 9.32786e+18 5.77513e+35
1.18959e+12 1.21781e+30 9.45286e+18 7.0993e+35
1.46305e+12 1.39885e+30 9.57565e+18 8.72943e+35
1.67394e+12 9.52334e+29 9.1741e+18 9.98789e+35
6.70637e+12 9.29103e+30 1.22156e+19 3.99159e+36
1.34234e+13 1.86827e+31 1.3173e+19 7.98107e+36
2.01441e+13 3.34064e+31 1.40502e+19 1.19688e+37
2.68825e+13 5.15268e+31 1.48211e+19 1.59634e+37
3.3621e+13 7.23387e+31 1.55091e+19 1.99548e+37
4.03595e+13 9.55058e+31 1.61343e+19 2.39433e+37
4.70979e+13 1.20868e+32 1.67135e+19 2.7929e+37
5.38542e+13 1.48361e+32 1.72571e+19 3.19229e+37
6.06105e+13 1.77855e+32 1.7771e+19 3.59144e+37
6.73668e+13 2.09577e+32 1.82651e+19 3.99036e+37
7.41231e+13 2.43222e+32 1.87391e+19 4.38908e+37
8.08972e+13 2.79111e+32 1.92001e+19 4.78863e+37
8.76713e+13 3.17242e+32 1.96509e+19 5.18799e+37
9.44454e+13 3.57456e+32 2.00914e+19 5.58714e+37
1.0122e+14 4.00073e+32 2.0525e+19 5.98613e+37
1.07994e+14 4.44933e+32 2.09518e+19 6.38489e+37
1.14768e+14 4.92357e+32 2.1376e+19 6.78346e+37
1.2156e+14 5.42344e+32 2.17964e+19 7.18292e+37
1.28352e+14 5.94894e+32 2.22149e+19 7.58218e+37
1.35144e+14 6.49528e+32 2.26279e+19 7.98125e+37
1.56856e+14 1.1151e+33 2.57418e+19 9.25499e+37
1.93241e+14 1.84247e+33 2.98596e+19 1.13801e+38
2.13385e+14 2.35997e+33 3.23753e+19 1.25523e+38
2.35133e+14 3.01204e+33 3.52433e+19 1.38141e+38
2.58129e+14 3.83234e+33 3.85167e+19 1.51437e+38
2.82908e+14 4.85131e+33 4.2216e+19 1.65709e+38
3.00379e+14 5.67482e+33 4.49836e+19 1.75735e+38
3.1787e+14 6.56161e+33 4.7755e+19 1.85749e+38
3.3536e+14 7.57481e+33 5.07458e+19 1.95732e+38
3.52851e+14 8.71345e+33 5.39289e+19 2.05681e+38
3.70341e+14 9.97654e+33 5.7281e+19 2.15596e+38
3.87832e+14 1.13631e+34 6.07822e+19 2.25474e+38
4.05322e+14 1.28723e+34 6.44153e+19 2.35313e+38
4.22813e+14 1.4503e+34 6.81651e+19 2.45114e+38
4.40303e+14 1.62545e+34 7.20187e+19 2.54874e+38
4.57794e+14 1.81259e+34 7.59643e+19 2.64592e+38
4.75284e+14 2.01164e+34 7.9992e+19 2.74269e+38
4.92775e+14 2.22252e+34 8.40928e+19 2.83903e+38
5.10265e+14 2.44515e+34 8.82588e+19 2.93494e+38
5.27756e+14 2.67948e+34 9.24831e+19 3.03041e+38
5.45246e+14 2.92544e+34 9.67595e+19 3.12543e+38
5.62737e+14 3.18297e+34 1.01083e+20 3.22002e+38
5.80227e+14 3.45203e+34 1.05448e+20 3.31416e+38
5.97718e+14 3.73259e+34 1.0985e+20 3.40784e+38
6.15208e+14 4.0246e+34 1.14287e+20 3.50108e+38
6.32699e+14 4.32805e+34 1.18754e+20 3.59387e+38
6.5019e+14 4.64292e+34 1.23249e+20 3.6862e+38
6.6768e+14 4.96921e+34 1.27769e+20 3.77808e+38
6.85171e+14 5.30694e+34 1.32313e+20 3.86951e+38
7.02661e+14 5.65611e+34 1.36878e+20 3.96048e+38
7.20152e+14 6.01676e+34 1.41463e+20 4.051e+38
7.37642e+14 6.38894e+34 1.46066e+20 4.14107e+38
7.55133e+14 6.7727e+34 1.50687e+20 4.23069e+38
7.72623e+14 7.16811e+34 1.55325e+20 4.31985e+38
7.90114e+14 7.57525e+34 1.59978e+20 4.40856e+38
8.07604e+14 7.99423e+34 1.64648e+20 4.49682e+38
8.25095e+14 8.42516e+34 1.69333e+20 4.58464e+38
8.42585e+14 8.86816e+34 1.74034e+20 4.672e+38
8.60076e+14 9.32338e+34 1.7875e+20 4.75892e+38
8.77566e+14 9.79098e+34 1.83483e+20 4.84539e+38
8.95057e+14 1.02711e+35 1.88231e+20 4.93142e+38
9.12547e+14 1.0764e+35 1.92996e+20 5.017e+38
9.30038e+14 1.12699e+35 1.97778e+20 5.10213e+38
9.47528e+14 1.17889e+35 2.02578e+20 5.18682e+38
9.65019e+14 1.23214e+35 2.07397e+20 5.27107e+38
9.82509e+14 1.28675e+35 2.12236e+20 5.35488e+38
1e+15 1.34276e+35 2.17094e+20 5.43825e+38
1.01749e+15 1.40018e+35 2.21974e+20 5.52118e+38
1.03498e+15 1.45906e+35 2.26876e+20 5.60366e+38
1.05247e+15 1.51942e+35 2.31802e+20 5.68571e+38
1.06996e+15 1.5813e+35 2.36751e+20 5.76732e+38
1.08745e+15 1.64473e+35 2.41726e+20 5.84849e+38
1.10494e+15 1.70973e+35 2.46726e+20 5.92922e+38
1.12243e+15 1.77635e+35 2.51754e+20 6.00951e+38
1.13992e+15 1.84463e+35 2.5681e+20 6.08936e+38
1.15741e+15 1.91459e+35 2.61894e+20 6.16878e+38
1.17491e+15 1.98627e+35 2.67008e+20 6.24776e+38
1.1924e+15 2.05971e+35 2.72153e+20 6.3263e+38
1.20989e+15 2.13494e+35 2.77328e+20 6.4044e+38
1.22738e+15 2.212e+35 2.82535e+20 6.48207e+38
1.24487e+15 2.29092e+35 2.87774e+20 6.55929e+38
1.26236e+15 2.37174e+35 2.93045e+20 6.63608e+38
1.27985e+15 2.45448e+35 2.98348e+20 6.71243e+38
1.29734e+15 2.53918e+35 3.03684e+20 6.78835e+38
1.31483e+15 2.62586e+35 3.09052e+20 6.86382e+38
1.33232e+15 2.71455e+35 3.14452e+20 6.93886e+38
1.34981e+15 2.80527e+35 3.19884e+20 7.01345e+38
1.3673e+15 2.89804e+35 3.25347e+20 7.08761e+38
1.38479e+15 2.99288e+35 3.3084e+20 7.16134e+38
1.40228e+15 3.08981e+35 3.36363e+20 7.23462e+38
1.41977e+15 3.18883e+35 3.41913e+20 7.30747e+38
1.43726e+15 3.28994e+35 3.47491e+20 7.37988e+38
1.45475e+15 3.39316e+35 3.53094e+20 7.45185e+38
1.47224e+15 3.49848e+35 3.58721e+20 7.52339e+38
1.48973e+15 3.60589e+35 3.64371e+20 7.59449e+38
1.50723e+15 3.71538e+35 3.7004e+20 7.66516e+38
1.52472e+15 3.82694e+35 3.75728e+20 7.7354e+38
1.54221e+15 3.94055e+35 3.81431e+20 7.8052e+38
1.5597e+15 4.05618e+35 3.87148e+20 7.87458e+38
1.57719e+15 4.1738e+35 3.92876e+20 7.94352e+38
1.59468e+15 4.29338e+35 3.98613e+20 8.01204e+38
1.61217e+15 4.41489e+35 4.04355e+20 8.08013e+38
1.62966e+15 4.53827e+35 4.10101e+20 8.1478e+38
1.64715e+15 4.66349e+35 4.15847e+20 8.21505e+38
1.66464e+15 4.79048e+35 4.21591e+20 8.28188e+38
1.68213e+15 4.91921e+35 4.27329e+20 8.3483e+38
1.69962e+15 5.0496e+35 4.33059e+20 8.4143e+38
1.71711e+15 5.1816e+35 4.38778e+20 8.47989e+38
1.7346e+15 5.31514e+35 4.44483e+20 8.54507e+38
1.75209e+15 5.45015e+35 4.50172e+20 8.60985e+38
1.76958e+15 5.58657e+35 4.5584e+20 8.67423e+38
1.78707e+15 5.72432e+35 4.61486e+20 8.73822e+38
1.80456e+15 5.86333e+35 4.67106e+20 8.80181e+38
1.82205e+15 6.00351e+35 4.72699e+20 8.86501e+38
1.83955e+15 6.14481e+35 4.78261e+20 8.92782e+38
1.85704e+15 6.28713e+35 4.8379e+20 8.99026e+38
1.87453e+15 6.43039e+35 4.89284e+20 9.05232e+38
1.89202e+15 6.57453e+35 4.9474e+20 9.114e+38
1.90951e+15 6.71945e+35 5.00156e+20 9.17532e+38
1.927e+15 6.86509e+35 5.0553e+20 9.23627e+38
1.94449e+15 7.01135e+35 5.10861e+20 9.29687e+38
1.96198e+15 7.15817e+35 5.16145e+20 9.35711e+38
1.97947e+15 7.30546e+35 5.21382e+20 9.417e+38
1.99696e+15 7.45315e+35 5.2657e+20 9.47655e+38
2.01445e+15 7.60117e+35 5.31706e+20 9.53576e+38
2.03194e+15 7.74943e+35 5.36791e+20 9.59463e+38
2.04943e+15 7.89787e+35 5.41823e+20 9.65318e+38
2.06692e+15 8.04642e+35 5.468e+20 9.7114e+38
2.08441e+15 8.19501e+35 5.51721e+20 9.7693e+38
2.1019e+15 8.34358e+35 5.56586e+20 9.82689e+38
2.11939e+15 8.49205e+35 5.61394e+20 9.88416e+38
2.13688e+15 8.64036e+35 5.66143e+20 9.94114e+38
2.15437e+15 8.78846e+35 5.70834e+20 9.99781e+38
2.17187e+15 8.93629e+35 5.75466e+20 1.00542e+39
2.18936e+15 9.08379e+35 5.80039e+20 1.01103e+39
2.20685e+15 9.2309e+35 5.84551e+20 1.01661e+39
2.22434e+15 9.37758e+35 5.89003e+20 1.02216e+39
2.24183e+15 9.52378e+35 5.93395e+20 1.02769e+39
2.25932e+15 9.66944e+35 5.97727e+20 1.03318e+39
2.27681e+15 9.81453e+35 6.01998e+20 1.03866e+39
2.2943e+15 9.959e+35 6.06208e+20 1.0441e+39
2.31179e+15 1.01028e+36 6.10358e+20 1.04952e+39
2.32928e+15 1.02459e+36 6.14449e+20 1.05492e+39
2.34677e+15 1.03883e+36 6.18479e+20 1.06029e+39
2.36426e+15 1.05299e+36 6.22449e+20 1.06563e+39
2.38175e+15 1.06707e+36 6.26361e+20 1.07095e+39
2.39924e+15 1.08107e+36 6.30213e+20 1.07625e+39
2.41673e+15 1.09499e+36 6.34007e+20 1.08153e+39
2.43422e+15 1.10881e+36 6.37743e+20 1.08678e+39
2.45171e+15 1.12254e+36 6.41421e+20 1.09201e+39
2.4692e+15 1.13618e+36 6.45042e+20 1.09723e+39
2.48669e+15 1.14973e+36 6.48606e+20 1.10241e+39
2.50419e+15 1.16318e+36 6.52115e+20 1.10758e+39
2.52168e+15 1.17653e+36 6.55568e+20 1.11273e+39
2.53917e+15 1.18978e+36 6.58967e+20 1.11786e+39
2.55666e+15 1.20293e+36 6.62311e+20 1.12297e+39
2.57415e+15 1.21597e+36 6.65602e+20 1.12805e+39
2.59164e+15 1.22891e+36 6.6884e+20 1.13312e+39
2.60913e+15 1.24174e+36 6.72026e+20 1.13818e+39
2.62662e+15 1.25447e+36 6.75161e+20 1.14321e+39
2.64411e+15 1.26709e+36 6.78245e+20 1.14822e+39
2.6616e+15 1.27961e+36 6.81279e+20 1.15322e+39
2.67909e+15 1.29201e+36 6.84263e+20 1.1582e+39
2.69658e+15 1.30431e+36 6.872e+20 1.16317e+39
2.71407e+15 1.3165e+36 6.90088e+20 1.16811e+39
2.73156e+15 1.32858e+36 6.92929e+20 1.17304e+39
2.74905e+15 1.34054e+36 6.95725e+20 1.17796e+39
2.76654e+15 1.3524e+36 6.98474e+20 1.18286e+39
2.78403e+15 1.36415e+36 7.01179e+20 1.18774e+39
2.80152e+15 1.37579e+36 7.03839e+20 1.19261e+39
2.81901e+15 1.38733e+36 7.06457e+20 1.19747e+39
2.83651e+15 1.39875e+36 7.09031e+20 1.20231e+39
2.854e+15 1.41006e+36 7.11564e+20 1.20713e+39
2.87149e+15 1.42127e+36 7.14055e+20 1.21195e+39
2.88898e+15 1.43237e+36 7.16507e+20 1.21675e+39
2.90647e+15 1.44336e+36 7.18918e+20 1.22153e+39
2.92396e+15 1.45424e+36 7.2129e+20 1.2263e+39
