197
7.81715 1.00985e+09 1 4.70913e+24
7.85637 1.00985e+10 1.15071e+09 4.73275e+24
8.10594 1.00985e+11 1.26191e+10 4.8831e+24
11.5376 1.2098e+12 1.21648e+11 6.95036e+24
16.3115 1.39981e+13 1.02261e+12 9.8262e+24
44.8536 1.70004e+14 6.10979e+12 2.70202e+25
210.907 5.81917e+15 4.89767e+13 1.27052e+26
1143.77 1.90031e+17 3.22418e+14 6.89018e+26
10384.2 9.74284e+18 2.09686e+15 6.25553e+27
26082.1 4.96683e+19 4.32308e+15 1.57121e+28
65514.6 2.43062e+20 8.63003e+15 3.94664e+28
164506 1.15084e+21 1.66987e+16 9.90989e+28
413417 5.26483e+21 3.12931e+16 2.49041e+29
1.03842e+06 2.31847e+22 5.66743e+16 6.2553e+29
2.60821e+06 9.75405e+22 9.87577e+16 1.5711e+30
6.55324e+06 3.91101e+23 1.66013e+17 3.94727e+30
8.24855e+06 5.25842e+23 1.84272e+17 4.96834e+30
1.64595e+07 1.43474e+24 2.58876e+17 9.91347e+30
3.28384e+07 3.8325e+24 3.5843e+17 1.97768e+31
6.55324e+07 1.00585e+25 4.88081e+17 3.94627e+31
1.30796e+08 2.60365e+25 6.54879e+17 7.87528e+31
2.61e+08 6.67472e+25 8.69929e+17 1.57121e+32
3.28562e+08 8.73669e+25 9.40084e+17 1.9778e+32
5.20912e+08 1.62955e+26 1.1191e+18 3.13521e+32
8.25569e+08 3.02822e+26 1.32916e+18 4.96798e+32
1.03931e+09 4.1289e+26 1.44857e+18 6.25358e+32
1.30885e+09 5.03572e+26 1.52617e+18 7.87463e+32
1.64809e+09 6.85897e+26 1.64869e+18 9.91465e+32
2.61178e+09 1.2718e+27 1.92682e+18 1.57084e+33
4.1413e+09 2.35532e+27 2.25127e+18 2.49009e+33
6.56572e+09 4.36121e+27 2.63236e+18 3.9466e+33
8.26638e+09 5.66056e+27 2.80792e+18 4.968e+33
1.04038e+10 7.7017e+27 3.02661e+18 6.25142e+33
1.31081e+10 1.04782e+28 3.26329e+18 7.87482e+33
1.65005e+10 1.42481e+28 3.51845e+18 9.91074e+33
2.07876e+10 1.93716e+28 3.79441e+18 1.24828e+34
2.61713e+10 2.50272e+28 4.03597e+18 1.57119e+34
3.29454e+10 3.40313e+28 4.34048e+18 1.97737e+34
4.15022e+10 4.62717e+28 4.67072e+18 2.49026e+34
5.22516e+10 5.94894e+28 4.95347e+18 3.13435e+34
6.58177e+10 8.08782e+28 5.31547e+18 3.94693e+34
8.28777e+10 1.09989e+29 5.70761e+18 4.96835e+34
1.04323e+11 1.49482e+29 6.13014e+18 6.25175e+34
1.31491e+11 2.03329e+29 6.58877e+18 7.87682e+34
1.65504e+11 2.59725e+29 6.97003e+18 9.91037e+34
1.83454e+11 2.89204e+29 7.13886e+18 1.09832e+35
2.08411e+11 3.28937e+29 7.34152e+18 1.24746e+35
2.62604e+11 4.47176e+29 7.84231e+18 1.57118e+35
3.30702e+11 5.81597e+29 8.29682e+18 1.97774e+35
4.275e+11 7.80423e+29 8.87056e+18 2.55519e+35
4.43544e+11 7.88915e+29 8.89002e+18 2.65089e+35
5.2002e+11 8.35057e+29 8.98559e+18 3.10703e+35
6.57464e+11 9.09717e+29 9.11297e+18 3.92671e+35
7.92055e+11 9.82935e+29 9.21411e+18 4.72927e+35
9.67468e+11 1.08291e+30 9.32786e+18 5.77513e+35
1.18959e+12 1.21781e+30 9.45286e+18 7.0993e+35
1.46305e+12 1.39885e+30 9.57565e+18 8.72943e+35
1.67394e+12 9.52334e+29 9.1741e+18 9.98789e+35
6.70637e+12 9.29103e+30 1.22156e+19 3.99159e+36
1.34234e+13 1.86827e+31 1.3173e+19 7.98107e+36
2.01441e+13 3.34064e+31 1.40502e+19 1.19688e+37
2.68825e+13 5.15268e+31 1.48211e+19 1.59634e+37
3.3621e+13 7.23387e+31 1.55091e+19 1.99548e+37
4.03595e+13 9.55058e+31 1.61343e+19 2.39433e+37
4.70979e+13 1.20868e+32 1.67135e+19 2.7929e+37
5.38542e+13 1.48361e+32 1.72571e+19 3.19229e+37
6.06105e+13 1.77855e+32 1.7771e+19 3.59144e+37
6.73668e+13 2.09577e+32 1.82651e+19 3.99036e+37
7.41231e+13 2.43222e+32 1.87391e+19 4.38908e+37
8.08972e+13 2.79111e+32 1.92001e+19 4.78863e+37
8.76713e+13 3.17242e+32 1.96509e+19 5.18799e+37
9.44454e+13 3.57456e+32 2.00914e+19 5.58714e+37
1.0122e+14 4.00073e+32 2.0525e+19 5.98613e+37
1.07994e+14 4.44933e+32 2.09518e+19 6.38489e+37
1.14768e+14 4.92357e+32 2.1376e+19 6.78346e+37
1.2156e+14 5.42344e+32 2.17964e+19 7.18292e+37
1.28352e+14 5.94894e+32 2.22149e+19 7.58218e+37
1.35144e+14 6.49528e+32 2.26279e+19 7.98125e+37
1.56856e+14 1.1151e+33 2.57418e+19 9.25499e+37
1.93241e+14 1.84247e+33 2.98596e+19 1.13801e+38
2.13385e+14 2.35997e+33 3.23753e+19 1.25523e+38
2.35133e+14 3.01204e+33 3.52433e+19 1.38141e+38
2.58129e+14 3.83234e+33 3.85167e+19 1.51437e+38
2.82908e+14 4.85131e+33 4.2216e+19 1.65709e+38
3.00379e+14 5.67482e+33 4.49836e+19 1.75735e+38
3.1787e+14 6.59731e+33 4.78665e+19 1.85749e+38
3.3536e+14 7.71902e+33 5.11767e+19 1.95729e+38
3.52851e+14 9.04083e+33 5.48691e+19 2.05673e+38
3.70341e+14 1.05635e+34 5.89048e+19 2.15575e+38
3.87832e+14 1.22879e+34 6.32498e+19 2.25433e+38
4.05322e+14 1.42145e+34 6.78739e+19 2.35244e+38
4.22813e+14 1.6344e+34 7.27506e+19 2.45004e+38
4.40303e+14 1.86769e+34 7.78563e+19 2.54712e+38
4.57794e+14 2.12135e+34 8.31699e+19 2.64366e+38
4.75284e+14 2.39542e+34 8.86723e+19 2.73963e+38
4.92775e+14 2.68991e+34 9.43465e+19 2.83503e+38
5.10265e+14 3.00485e+34 1.00177e+20 2.92983e+38
5.27756e+14 3.34024e+34 1.06149e+20 3.02403e+38
5.45246e+14 3.69608e+34 1.12251e+20 3.11761e+38
5.62737e+14 4.07234e+34 1.18469e+20 3.21057e+38
5.80227e+14 4.46902e+34 1.24794e+20 3.3029e+38
5.97718e+14 4.88607e+34 1.31216e+20 3.3946e+38
6.15208e+14 5.32345e+34 1.37725e+20 3.48565e+38
6.32699e+14 5.78112e+34 1.44312e+20 3.57605e+38
6.5019e+14 6.25901e+34 1.5097e+20 3.66581e+38
6.6768e+14 6.75705e+34 1.57691e+20 3.75492e+38
6.85171e+14 7.27516e+34 1.64469e+20 3.84337e+38
7.02661e+14 7.81325e+34 1.71296e+20 3.93118e+38
7.20152e+14 8.37121e+34 1.78167e+20 4.01833e+38
7.37642e+14 8.94894e+34 1.85077e+20 4.10483e+38
7.55133e+14 9.54631e+34 1.92019e+20 4.19067e+38
7.72623e+14 1.01632e+35 1.98988e+20 4.27588e+38
7.90114e+14 1.07994e+35 2.05981e+20 4.36043e+38
8.07604e+14 1.14549e+35 2.12992e+20 4.44435e+38
8.25095e+14 1.21294e+35 2.20018e+20 4.52762e+38
8.42585e+14 1.28229e+35 2.27053e+20 4.61026e+38
8.60076e+14 1.3535e+35 2.34095e+20 4.69227e+38
8.77566e+14 1.42656e+35 2.4114e+20 4.77364e+38
8.95057e+14 1.50145e+35 2.48185e+20 4.8544e+38
9.12547e+14 1.57815e+35 2.55225e+20 4.93454e+38
9.30038e+14 1.65664e+35 2.62259e+20 5.01406e+38
9.47528e+14 1.73689e+35 2.69283e+20 5.09298e+38
9.65019e+14 1.81888e+35 2.76294e+20 5.1713e+38
9.82509e+14 1.90259e+35 2.8329e+20 5.24901e+38
1e+15 1.98798e+35 2.90268e+20 5.32614e+38
1.01749e+15 2.07504e+35 2.97225e+20 5.40268e+38
1.03498e+15 2.16373e+35 3.0416e+20 5.47865e+38
1.05247e+15 2.25402e+35 3.1107e+20 5.55404e+38
1.06996e+15 2.34588e+35 3.17953e+20 5.62886e+38
1.08745e+15 2.43929e+35 3.24807e+20 5.70313e+38
1.10494e+15 2.53422e+35 3.3163e+20 5.77684e+38
1.12243e+15 2.63062e+35 3.38421e+20 5.85e+38
1.13992e+15 2.72847e+35 3.45176e+20 5.92263e+38
1.15741e+15 2.82773e+35 3.51896e+20 5.99471e+38
1.17491e+15 2.92837e+35 3.58577e+20 6.06628e+38
1.1924e+15 3.03035e+35 3.65219e+20 6.13732e+38
1.20989e+15 3.13364e+35 3.71821e+20 6.20785e+38
1.22738e+15 3.23819e+35 3.7838e+20 6.27787e+38
1.24487e+15 3.34398e+35 3.84895e+20 6.34739e+38
1.26236e+15 3.45096e+35 3.91365e+20 6.41642e+38
1.27985e+15 3.5591e+35 3.97789e+20 6.48496e+38
1.29734e+15 3.66835e+35 4.04166e+20 6.55302e+38
1.31483e+15 3.77867e+35 4.10494e+20 6.62061e+38
1.33232e+15 3.89003e+35 4.16772e+20 6.68773e+38
1.34981e+15 4.00238e+35 4.23e+20 6.75439e+38
1.3673e+15 4.11568e+35 4.29177e+20 6.8206e+38
1.38479e+15 4.22989e+35 4.35301e+20 6.88636e+38
1.40228e+15 4.34497e+35 4.41372e+20 6.95168e+38
1.41977e+15 4.46088e+35 4.47389e+20 7.01657e+38
1.43726e+15 4.57756e+35 4.5335e+20 7.08103e+38
1.45475e+15 4.69499e+35 4.59257e+20 7.14508e+38
1.47224e+15 4.8131e+35 4.65107e+20 7.2087e+38
1.48973e+15 4.93187e+35 4.70899e+20 7.27193e+38
1.50723e+15 5.05125e+35 4.76635e+20 7.33475e+38
1.52472e+15 5.17119e+35 4.82312e+20 7.39717e+38
1.54221e+15 5.29164e+35 4.87931e+20 7.45921e+38
1.5597e+15 5.41257e+35 4.9349e+20 7.52086e+38
1.57719e+15 5.53394e+35 4.9899e+20 7.58214e+38
1.59468e+15 5.65568e+35 5.0443e+20 7.64305e+38
1.61217e+15 5.77777e+35 5.0981e+20 7.7036e+38
1.62966e+15 5.90016e+35 5.15129e+20 7.76379e+38
1.64715e+15 6.02281e+35 5.20386e+20 7.82362e+38
1.66464e+15 6.14566e+35 5.25583e+20 7.88311e+38
1.68213e+15 6.26869e+35 5.30718e+20 7.94226e+38
1.69962e+15 6.39184e+35 5.35792e+20 8.00108e+38
1.71711e+15 6.51507e+35 5.40803e+20 8.05957e+38
1.7346e+15 6.63834e+35 5.45753e+20 8.11773e+38
1.75209e+15 6.76161e+35 5.5064e+20 8.17558e+38
1.76958e+15 6.88484e+35 5.55465e+20 8.23311e+38
1.78707e+15 7.00798e+35 5.60228e+20 8.29034e+38
1.80456e+15 7.131e+35 5.64929e+20 8.34727e+38
1.82205e+15 7.25386e+35 5.69567e+20 8.4039e+38
1.83955e+15 7.37652e+35 5.74144e+20 8.46024e+38
1.85704e+15 7.49894e+35 5.78658e+20 8.5163e+38
1.87453e+15 7.62108e+35 5.8311e+20 8.57207e+38
1.89202e+15 7.74291e+35 5.87501e+20 8.62757e+38
1.90951e+15 7.86439e+35 5.9183e+20 8.6828e+38
1.927e+15 7.98548e+35 5.96097e+20 8.73777e+38
1.94449e+15 8.10616e+35 6.00303e+20 8.79247e+38
1.96198e+15 8.22639e+35 6.04449e+20 8.84692e+38
1.97947e+15 8.34613e+35 6.08533e+20 8.90112e+38
1.99696e+15 8.46536e+35 6.12558e+20 8.95508e+38
2.01445e+15 8.58405e+35 6.16522e+20 9.00879e+38
2.03194e+15 8.70216e+35 6.20427e+20 9.06226e+38
2.04943e+15 8.81968e+35 6.24272e+20 9.1155e+38
2.06692e+15 8.93657e+35 6.28059e+20 9.16851e+38
2.08441e+15 9.05281e+35 6.31787e+20 9.2213e+38
2.1019e+15 9.16838e+35 6.35457e+20 9.27387e+38
2.11939e+15 9.28325e+35 6.3907e+20 9.32622e+38
2.13688e+15 9.3974e+35 6.42626e+20 9.37837e+38
2.15437e+15 9.51082e+35 6.46126e+20 9.4303e+38
2.17187e+15 9.62348e+35 6.49571e+20 9.48203e+38
2.18936e+15 9.73536e+35 6.5296e+20 9.53356e+38
2.20685e+15 9.84646e+35 6.56294e+20 9.5849e+38
2.22434e+15 9.95675e+35 6.59575e+20 9.63604e+38
2.24183e+15 1.00662e+36 6.62802e+20 9.687e+38
2.25932e+15 1.01749e+36 6.65977e+20 9.73777e+38
