177
7.81715 1.00985e+09 1 4.70913e+24
7.85637 1.00985e+10 1.15071e+09 4.73275e+24
8.10594 1.00985e+11 1.26191e+10 4.8831e+24
11.5376 1.2098e+12 1.21648e+11 6.95036e+24
16.3115 1.39981e+13 1.02261e+12 9.8262e+24
44.8536 1.70004e+14 6.10979e+12 2.70202e+25
210.907 5.81917e+15 4.89767e+13 1.27052e+26
1143.77 1.90031e+17 3.22418e+14 6.89018e+26
10384.2 9.74284e+18 2.09686e+15 6.25553e+27
26082.1 4.96683e+19 4.32308e+15 1.57121e+28
65514.6 2.43062e+20 8.63003e+15 3.94664e+28
164506 1.15084e+21 1.66987e+16 9.90989e+28
413417 5.26483e+21 3.12931e+16 2.49041e+29
1.03842e+06 2.31847e+22 5.66743e+16 6.2553e+29
2.60821e+06 9.75405e+22 9.87577e+16 1.5711e+30
6.55324e+06 3.91101e+23 1.66013e+17 3.94727e+30
8.24855e+06 5.25842e+23 1.84272e+17 4.96834e+30
1.64595e+07 1.43474e+24 2.58876e+17 9.91347e+30
3.28384e+07 3.8325e+24 3.5843e+17 1.97768e+31
6.55324e+07 1.00585e+25 4.88081e+17 3.94627e+31
1.30796e+08 2.60365e+25 6.54879e+17 7.87528e+31
2.61e+08 6.67472e+25 8.69929e+17 1.57121e+32
3.28562e+08 8.73669e+25 9.40084e+17 1.9778e+32
5.20912e+08 1.62955e+26 1.1191e+18 3.13521e+32
8.25569e+08 3.02822e+26 1.32916e+18 4.96798e+32
1.03931e+09 4.1289e+26 1.44857e+18 6.25358e+32
1.30885e+09 5.03572e+26 1.52617e+18 7.87463e+32
1.64809e+09 6.85897e+26 1.64869e+18 9.91465e+32
2.61178e+09 1.2718e+27 1.92682e+18 1.57084e+33
4.1413e+09 2.35532e+27 2.25127e+18 2.49009e+33
6.56572e+09 4.36121e+27 2.63236e+18 3.9466e+33
8.26638e+09 5.66056e+27 2.80792e+18 4.968e+33
1.04038e+10 7.7017e+27 3.02661e+18 6.25142e+33
1.31081e+10 1.04782e+28 3.26329e+18 7.87482e+33
1.65005e+10 1.42481e+28 3.51845e+18 9.91074e+33
2.07876e+10 1.93716e+28 3.79441e+18 1.24828e+34
2.61713e+10 2.50272e+28 4.03597e+18 1.57119e+34
3.29454e+10 3.40313e+28 4.34048e+18 1.97737e+34
4.15022e+10 4.62717e+28 4.67072e+18 2.49026e+34
5.22516e+10 5.94894e+28 4.95347e+18 3.13435e+34
6.58177e+10 8.08782e+28 5.31547e+18 3.94693e+34
8.28777e+10 1.09989e+29 5.70761e+18 4.96835e+34
1.04323e+11 1.49482e+29 6.13014e+18 6.25175e+34
1.31491e+11 2.03329e+29 6.58877e+18 7.87682e+34
1.65504e+11 2.59725e+29 6.97003e+18 9.91037e+34
1.83454e+11 2.89204e+29 7.13886e+18 1.09832e+35
2.08411e+11 3.28937e+29 7.34152e+18 1.24746e+35
2.62604e+11 4.47176e+29 7.84231e+18 1.57118e+35
3.30702e+11 5.81597e+29 8.29682e+18 1.97774e+35
4.275e+11 7.80423e+29 8.87056e+18 2.55519e+35
4.43544e+11 7.88915e+29 8.89002e+18 2.65089e+35
5.2002e+11 8.35057e+29 8.98559e+18 3.10703e+35
6.57464e+11 9.09717e+29 9.11297e+18 3.92671e+35
7.92055e+11 9.82935e+29 9.21411e+18 4.72927e+35
9.67468e+11 1.08291e+30 9.32786e+18 5.77513e+35
1.18959e+12 1.21781e+30 9.45286e+18 7.0993e+35
1.46305e+12 1.39885e+30 9.57565e+18 8.72943e+35
1.67394e+12 9.52334e+29 9.1741e+18 9.98789e+35
6.70637e+12 9.29103e+30 1.22156e+19 3.99159e+36
1.34234e+13 1.86827e+31 1.3173e+19 7.98107e+36
2.01441e+13 3.34064e+31 1.40502e+19 1.19688e+37
2.68825e+13 5.15268e+31 1.48211e+19 1.59634e+37
3.3621e+13 7.23387e+31 1.55091e+19 1.99548e+37
4.03595e+13 9.55058e+31 1.61343e+19 2.39433e+37
4.70979e+13 1.20868e+32 1.67135e+19 2.7929e+37
5.38542e+13 1.48361e+32 1.72571e+19 3.19229e+37
6.06105e+13 1.77855e+32 1.7771e+19 3.59144e+37
6.73668e+13 2.09577e+32 1.82651e+19 3.99036e+37
7.41231e+13 2.43222e+32 1.87391e+19 4.38908e+37
8.08972e+13 2.79111e+32 1.92001e+19 4.78863e+37
8.76713e+13 3.17242e+32 1.96509e+19 5.18799e+37
9.44454e+13 3.57456e+32 2.00914e+19 5.58714e+37
1.0122e+14 4.00073e+32 2.0525e+19 5.98613e+37
1.07994e+14 4.44933e+32 2.09518e+19 6.38489e+37
1.14768e+14 4.92357e+32 2.1376e+19 6.78346e+37
1.2156e+14 5.42344e+32 2.17964e+19 7.18292e+37
1.28352e+14 5.94894e+32 2.22149e+19 7.58218e+37
1.35144e+14 6.49528e+32 2.26279e+19 7.98125e+37
1.56856e+14 1.1151e+33 2.57418e+19 9.25499e+37
1.93241e+14 1.84247e+33 2.98596e+19 1.13801e+38
2.13385e+14 2.35997e+33 3.23753e+19 1.25523e+38
2.35133e+14 3.01204e+33 3.52433e+19 1.38141e+38
2.58129e+14 3.83234e+33 3.85167e+19 1.51437e+38
2.82908e+14 4.85131e+33 4.2216e+19 1.65709e+38
3.00379e+14 5.67482e+33 4.49836e+19 1.75735e+38
3.1787e+14 6.59149e+33 4.78483e+19 1.85749e+38
3.3536e+14 7.70171e+33 5.11247e+19 1.9573e+38
3.52851e+14 9.01556e+33 5.47952e+19 2.05674e+38
3.70341e+14 1.05433e+34 5.88445e+19 2.15577e+38
3.87832e+14 1.22952e+34 6.32589e+19 2.25435e+38
4.05322e+14 1.42816e+34 6.80261e+19 2.35246e+38
4.22813e+14 1.65127e+34 7.31341e+19 2.45004e+38
4.40303e+14 1.89986e+34 7.85715e+19 2.54707e+38
4.57794e+14 2.17489e+34 8.43269e+19 2.64353e+38
4.75284e+14 2.47728e+34 9.03889e+19 2.73937e+38
4.92775e+14 2.8079e+34 9.67454e+19 2.83457e+38
5.10265e+14 3.16755e+34 1.03384e+20 2.92912e+38
5.27756e+14 3.55692e+34 1.10292e+20 3.02297e+38
5.45246e+14 3.97664e+34 1.17454e+20 3.11612e+38
5.62737e+14 4.42718e+34 1.24857e+20 3.20854e+38
5.80227e+14 4.90893e+34 1.32484e+20 3.30021e+38
5.97718e+14 5.42209e+34 1.4032e+20 3.39112e+38
6.15208e+14 5.96674e+34 1.48346e+20 3.48126e+38
6.32699e+14 6.54278e+34 1.56544e+20 3.57061e+38
6.5019e+14 7.14995e+34 1.64895e+20 3.65916e+38
6.6768e+14 7.78781e+34 1.73379e+20 3.74691e+38
6.85171e+14 8.4557e+34 1.81976e+20 3.83386e+38
7.02661e+14 9.15282e+34 1.90665e+20 3.91999e+38
7.20152e+14 9.87816e+34 1.99424e+20 4.00531e+38
7.37642e+14 1.06305e+35 2.08233e+20 4.08982e+38
7.55133e+14 1.14085e+35 2.17069e+20 4.17352e+38
7.72623e+14 1.22106e+35 2.25911e+20 4.25642e+38
7.90114e+14 1.30351e+35 2.34739e+20 4.33852e+38
8.07604e+14 1.38801e+35 2.4353e+20 4.41984e+38
8.25095e+14 1.47436e+35 2.52266e+20 4.50038e+38
8.42585e+14 1.56236e+35 2.60927e+20 4.58016e+38
8.60076e+14 1.65179e+35 2.69494e+20 4.65918e+38
8.77566e+14 1.74241e+35 2.7795e+20 4.73747e+38
8.95057e+14 1.834e+35 2.86278e+20 4.81504e+38
9.12547e+14 1.92632e+35 2.94464e+20 4.8919e+38
9.30038e+14 2.01914e+35 3.02494e+20 4.96808e+38
9.47528e+14 2.11223e+35 3.10355e+20 5.04359e+38
9.65019e+14 2.20536e+35 3.18036e+20 5.11845e+38
9.82509e+14 2.29831e+35 3.25529e+20 5.19268e+38
1e+15 2.39088e+35 3.32824e+20 5.26629e+38
1.01749e+15 2.48286e+35 3.39917e+20 5.33932e+38
1.03498e+15 2.57408e+35 3.46801e+20 5.41178e+38
1.05247e+15 2.66435e+35 3.53473e+20 5.48369e+38
1.06996e+15 2.75353e+35 3.59931e+20 5.55506e+38
1.08745e+15 2.84147e+35 3.66175e+20 5.62593e+38
1.10494e+15 2.92807e+35 3.72205e+20 5.69631e+38
1.12243e+15 3.01321e+35 3.78022e+20 5.76622e+38
1.13992e+15 3.09682e+35 3.83631e+20 5.83568e+38
1.15741e+15 3.17882e+35 3.89033e+20 5.9047e+38
1.17491e+15 3.25918e+35 3.94235e+20 5.97331e+38
1.1924e+15 3.33786e+35 3.99242e+20 6.04152e+38
1.20989e+15 3.41484e+35 4.0406e+20 6.10934e+38
1.22738e+15 3.49014e+35 4.08696e+20 6.17681e+38
1.24487e+15 3.56376e+35 4.13157e+20 6.24392e+38
1.26236e+15 3.63574e+35 4.17451e+20 6.3107e+38
1.27985e+15 3.70612e+35 4.21585e+20 6.37715e+38
1.29734e+15 3.77494e+35 4.25569e+20 6.4433e+38
1.31483e+15 3.84227e+35 4.2941e+20 6.50916e+38
1.33232e+15 3.90817e+35 4.33115e+20 6.57473e+38
1.34981e+15 3.97272e+35 4.36695e+20 6.64002e+38
1.3673e+15 4.03598e+35 4.40155e+20 6.70506e+38
1.38479e+15 4.09806e+35 4.43505e+20 6.76984e+38
1.40228e+15 4.15901e+35 4.46751e+20 6.83438e+38
1.41977e+15 4.21893e+35 4.49901e+20 6.89868e+38
1.43726e+15 4.27789e+35 4.52961e+20 6.96276e+38
1.45475e+15 4.33598e+35 4.55938e+20 7.02662e+38
1.47224e+15 4.39328e+35 4.58839e+20 7.09026e+38
1.48973e+15 4.44986e+35 4.61669e+20 7.1537e+38
1.50723e+15 4.50578e+35 4.64432e+20 7.21694e+38
1.52472e+15 4.56113e+35 4.67136e+20 7.27998e+38
1.54221e+15 4.61596e+35 4.69783e+20 7.34284e+38
1.5597e+15 4.67034e+35 4.72378e+20 7.4055e+38
1.57719e+15 4.72432e+35 4.74925e+20 7.46799e+38
1.59468e+15 4.77795e+35 4.77427e+20 7.5303e+38
1.61217e+15 4.83127e+35 4.79888e+20 7.59244e+38
1.62966e+15 4.88433e+35 4.82311e+20 7.6544e+38
1.64715e+15 4.93718e+35 4.84698e+20 7.7162e+38
1.66464e+15 4.98983e+35 4.8705e+20 7.77784e+38
1.68213e+15 5.04233e+35 4.89372e+20 7.83931e+38
1.69962e+15 5.0947e+35 4.91664e+20 7.90063e+38
1.71711e+15 5.14696e+35 4.93927e+20 7.96179e+38
1.7346e+15 5.19913e+35 4.96164e+20 8.0228e+38
1.75209e+15 5.25124e+35 4.98376e+20 8.08365e+38
1.76958e+15 5.30329e+35 5.00563e+20 8.14436e+38
1.78707e+15 5.3553e+35 5.02727e+20 8.20492e+38
1.80456e+15 5.40728e+35 5.04869e+20 8.26534e+38
1.82205e+15 5.45924e+35 5.0699e+20 8.32561e+38
1.83955e+15 5.51119e+35 5.0909e+20 8.38574e+38
1.84129e+15 5.51639e+35 5.09299e+20 8.39174e+38
1.84304e+15 5.52158e+35 5.09507e+20 8.39775e+38
1.84479e+15 5.52678e+35 5.09716e+20 8.40375e+38
1.84654e+15 5.53197e+35 5.09924e+20 8.40975e+38
