248
7.81715 1.00985e+09 1 4.70913e+24
7.85637 1.00985e+10 1.15071e+09 4.73275e+24
8.10594 1.00985e+11 1.26191e+10 4.8831e+24
11.5376 1.2098e+12 1.21648e+11 6.95036e+24
16.3115 1.39981e+13 1.02261e+12 9.8262e+24
44.8536 1.70004e+14 6.10979e+12 2.70202e+25
210.907 5.81917e+15 4.89767e+13 1.27052e+26
1143.77 1.90031e+17 3.22418e+14 6.89018e+26
10384.2 9.74284e+18 2.09686e+15 6.25553e+27
26082.1 4.96683e+19 4.32308e+15 1.57121e+28
65514.6 2.43062e+20 8.63003e+15 3.94664e+28
164506 1.15084e+21 1.66987e+16 9.90989e+28
413417 5.26483e+21 3.12931e+16 2.49041e+29
1.03842e+06 2.31847e+22 5.66743e+16 6.2553e+29
2.60821e+06 9.75405e+22 9.87577e+16 1.5711e+30
6.55324e+06 3.91101e+23 1.66013e+17 3.94727e+30
8.24855e+06 5.25842e+23 1.84272e+17 4.96834e+30
1.64595e+07 1.43474e+24 2.58876e+17 9.91347e+30
3.28384e+07 3.8325e+24 3.5843e+17 1.97768e+31
6.55324e+07 1.00585e+25 4.88081e+17 3.94627e+31
1.30796e+08 2.60365e+25 6.54879e+17 7.87528e+31
2.61e+08 6.67472e+25 8.69929e+17 1.57121e+32
3.28562e+08 8.73669e+25 9.40084e+17 1.9778e+32
5.20912e+08 1.62955e+26 1.1191e+18 3.13521e+32
8.25569e+08 3.02822e+26 1.32916e+18 4.96798e+32
1.03931e+09 4.1289e+26 1.44857e+18 6.25358e+32
1.30885e+09 5.03572e+26 1.52617e+18 7.87463e+32
1.64809e+09 6.85897e+26 1.64869e+18 9.91465e+32
2.61178e+09 1.2718e+27 1.92682e+18 1.57084e+33
4.1413e+09 2.35532e+27 2.25127e+18 2.49009e+33
6.56572e+09 4.36121e+27 2.63236e+18 3.9466e+33
8.26638e+09 5.66056e+27 2.80792e+18 4.968e+33
1.04038e+10 7.7017e+27 3.02661e+18 6.25142e+33
1.31081e+10 1.04782e+28 3.26329e+18 7.87482e+33
1.65005e+10 1.42481e+28 3.51845e+18 9.91074e+33
2.07876e+10 1.93716e+28 3.79441e+18 1.24828e+34
2.61713e+10 2.50272e+28 4.03597e+18 1.57119e+34
3.29454e+10 3.40313e+28 4.34048e+18 1.97737e+34
4.15022e+10 4.62717e+28 4.67072e+18 2.49026e+34
5.22516e+10 5.94894e+28 4.95347e+18 3.13435e+34
6.58177e+10 8.08782e+28 5.31547e+18 3.94693e+34
8.28777e+10 1.09989e+29 5.70761e+18 4.96835e+34
1.04323e+11 1.49482e+29 6.13014e+18 6.25175e+34
1.31491e+11 2.03329e+29 6.58877e+18 7.87682e+34
1.65504e+11 2.59725e+29 6.97003e+18 9.91037e+34
1.83454e+11 2.89204e+29 7.13886e+18 1.09832e+35
2.08411e+11 3.28937e+29 7.34152e+18 1.24746e+35
2.62604e+11 4.47176e+29 7.84231e+18 1.57118e+35
3.30702e+11 5.81597e+29 8.29682e+18 1.97774e+35
4.275e+11 7.80423e+29 8.87056e+18 2.55519e+35
4.43544e+11 7.88915e+29 8.89002e+18 2.65089e+35
5.2002e+11 8.35057e+29 8.98559e+18 3.10703e+35
6.57464e+11 9.09717e+29 9.11297e+18 3.92671e+35
7.92055e+11 9.82935e+29 9.21411e+18 4.72927e+35
9.67468e+11 1.08291e+30 9.32786e+18 5.77513e+35
1.18959e+12 1.21781e+30 9.45286e+18 7.0993e+35
1.46305e+12 1.39885e+30 9.57565e+18 8.72943e+35
1.67394e+12 9.52334e+29 9.1741e+18 9.98789e+35
6.70637e+12 9.29103e+30 1.22156e+19 3.99159e+36
1.34234e+13 1.86827e+31 1.3173e+19 7.98107e+36
2.01441e+13 3.34064e+31 1.40502e+19 1.19688e+37
2.68825e+13 5.15268e+31 1.48211e+19 1.59634e+37
3.3621e+13 7.23387e+31 1.55091e+19 1.99548e+37
4.03595e+13 9.55058e+31 1.61343e+19 2.39433e+37
4.70979e+13 1.20868e+32 1.67135e+19 2.7929e+37
5.38542e+13 1.48361e+32 1.72571e+19 3.19229e+37
6.06105e+13 1.77855e+32 1.7771e+19 3.59144e+37
6.73668e+13 2.09577e+32 1.82651e+19 3.99036e+37
7.41231e+13 2.43222e+32 1.87391e+19 4.38908e+37
8.08972e+13 2.79111e+32 1.92001e+19 4.78863e+37
8.76713e+13 3.17242e+32 1.96509e+19 5.18799e+37
9.44454e+13 3.57456e+32 2.00914e+19 5.58714e+37
1.0122e+14 4.00073e+32 2.0525e+19 5.98613e+37
1.07994e+14 4.44933e+32 2.09518e+19 6.38489e+37
1.14768e+14 4.92357e+32 2.1376e+19 6.78346e+37
1.2156e+14 5.42344e+32 2.17964e+19 7.18292e+37
1.28352e+14 5.94894e+32 2.22149e+19 7.58218e+37
1.35144e+14 6.49528e+32 2.26279e+19 7.98125e+37
1.56856e+14 1.1151e+33 2.57418e+19 9.25499e+37
1.93241e+14 1.84247e+33 2.98596e+19 1.13801e+38
2.13385e+14 2.35997e+33 3.23753e+19 1.25523e+38
2.35133e+14 3.01204e+33 3.52433e+19 1.38141e+38
2.58129e+14 3.83234e+33 3.85167e+19 1.51437e+38
2.82908e+14 4.85131e+33 4.2216e+19 1.65709e+38
3.00379e+14 5.67482e+33 4.49836e+19 1.75735e+38
3.1787e+14 6.52691e+33 4.76467e+19 1.85749e+38
3.3536e+14 7.43844e+33 5.0338e+19 1.95734e+38
3.52851e+14 8.41226e+33 5.30622e+19 2.05689e+38
3.70341e+14 9.45133e+33 5.58231e+19 2.15615e+38
3.87832e+14 1.05587e+34 5.86245e+19 2.2551e+38
4.05322e+14 1.17374e+34 6.14696e+19 2.35375e+38
4.22813e+14 1.29908e+34 6.43615e+19 2.4521e+38
4.40303e+14 1.4322e+34 6.73028e+19 2.55013e+38
4.57794e+14 1.57345e+34 7.02962e+19 2.64784e+38
4.75284e+14 1.72316e+34 7.33439e+19 2.74523e+38
4.92775e+14 1.88169e+34 7.64482e+19 2.8423e+38
5.10265e+14 2.0494e+34 7.9611e+19 2.93904e+38
5.27756e+14 2.22665e+34 8.2834e+19 3.03544e+38
5.45246e+14 2.41381e+34 8.61191e+19 3.1315e+38
5.62737e+14 2.61124e+34 8.94676e+19 3.22721e+38
5.80227e+14 2.81933e+34 9.28809e+19 3.32258e+38
5.97718e+14 3.03845e+34 9.63604e+19 3.41758e+38
6.15208e+14 3.26899e+34 9.9907e+19 3.51223e+38
6.32699e+14 3.51133e+34 1.03522e+20 3.60651e+38
6.5019e+14 3.76586e+34 1.07206e+20 3.70042e+38
6.6768e+14 4.03296e+34 1.10959e+20 3.79395e+38
6.85171e+14 4.313e+34 1.14782e+20 3.88709e+38
7.02661e+14 4.60639e+34 1.18677e+20 3.97985e+38
7.20152e+14 4.91348e+34 1.22642e+20 4.07221e+38
7.37642e+14 5.23467e+34 1.26678e+20 4.16418e+38
7.55133e+14 5.57031e+34 1.30785e+20 4.25574e+38
7.72623e+14 5.92078e+34 1.34963e+20 4.34688e+38
7.90114e+14 6.28643e+34 1.39212e+20 4.43762e+38
8.07604e+14 6.66762e+34 1.43532e+20 4.52793e+38
8.25095e+14 7.06468e+34 1.47921e+20 4.61782e+38
8.42585e+14 7.47797e+34 1.5238e+20 4.70729e+38
8.60076e+14 7.90779e+34 1.56908e+20 4.79631e+38
8.77566e+14 8.35448e+34 1.61503e+20 4.8849e+38
8.95057e+14 8.81833e+34 1.66165e+20 4.97305e+38
9.12547e+14 9.29963e+34 1.70893e+20 5.06075e+38
9.30038e+14 9.79867e+34 1.75686e+20 5.148e+38
9.47528e+14 1.03157e+35 1.80542e+20 5.23479e+38
9.65019e+14 1.0851e+35 1.85461e+20 5.32113e+38
9.82509e+14 1.14048e+35 1.9044e+20 5.40701e+38
1e+15 1.19773e+35 1.95479e+20 5.49242e+38
1.01749e+15 1.25688e+35 2.00575e+20 5.57737e+38
1.03498e+15 1.31794e+35 2.05728e+20 5.66185e+38
1.05247e+15 1.38093e+35 2.10934e+20 5.74585e+38
1.06996e+15 1.44586e+35 2.16194e+20 5.82939e+38
1.08745e+15 1.51276e+35 2.21503e+20 5.91244e+38
1.10494e+15 1.58163e+35 2.26862e+20 5.99502e+38
1.12243e+15 1.65249e+35 2.32267e+20 6.07712e+38
1.13992e+15 1.72534e+35 2.37717e+20 6.15874e+38
1.15741e+15 1.80018e+35 2.43209e+20 6.23987e+38
1.17491e+15 1.87704e+35 2.48742e+20 6.32053e+38
1.1924e+15 1.9559e+35 2.54313e+20 6.4007e+38
1.20989e+15 2.03677e+35 2.5992e+20 6.48038e+38
1.22738e+15 2.11964e+35 2.65561e+20 6.55958e+38
1.24487e+15 2.20452e+35 2.71233e+20 6.6383e+38
1.26236e+15 2.2914e+35 2.76935e+20 6.71654e+38
1.27985e+15 2.38027e+35 2.82663e+20 6.79429e+38
1.29734e+15 2.47111e+35 2.88415e+20 6.87156e+38
1.31483e+15 2.56392e+35 2.94189e+20 6.94835e+38
1.33232e+15 2.65869e+35 2.99983e+20 7.02466e+38
1.34981e+15 2.75538e+35 3.05793e+20 7.10049e+38
1.3673e+15 2.85399e+35 3.11618e+20 7.17584e+38
1.38479e+15 2.9545e+35 3.17454e+20 7.25072e+38
1.40228e+15 3.05686e+35 3.233e+20 7.32513e+38
1.41977e+15 3.16107e+35 3.29153e+20 7.39906e+38
1.43726e+15 3.26708e+35 3.3501e+20 7.47252e+38
1.45475e+15 3.37487e+35 3.40869e+20 7.54552e+38
1.47224e+15 3.48439e+35 3.46726e+20 7.61806e+38
1.48973e+15 3.59562e+35 3.5258e+20 7.69013e+38
1.50723e+15 3.7085e+35 3.58428e+20 7.76174e+38
1.52472e+15 3.823e+35 3.64268e+20 7.83291e+38
1.54221e+15 3.93908e+35 3.70096e+20 7.90362e+38
1.5597e+15 4.05667e+35 3.7591e+20 7.97388e+38
1.57719e+15 4.17574e+35 3.81708e+20 8.0437e+38
1.59468e+15 4.29622e+35 3.87487e+20 8.11308e+38
1.61217e+15 4.41807e+35 3.93245e+20 8.18202e+38
1.62966e+15 4.54122e+35 3.98979e+20 8.25053e+38
1.64715e+15 4.66562e+35 4.04687e+20 8.31861e+38
1.66464e+15 4.7912e+35 4.10366e+20 8.38627e+38
1.68213e+15 4.9179e+35 4.16014e+20 8.45351e+38
1.69962e+15 5.04565e+35 4.21629e+20 8.52034e+38
1.71711e+15 5.17438e+35 4.27208e+20 8.58676e+38
1.7346e+15 5.30403e+35 4.32749e+20 8.65277e+38
1.75209e+15 5.43452e+35 4.3825e+20 8.71839e+38
1.76958e+15 5.56578e+35 4.43709e+20 8.78361e+38
1.78707e+15 5.69774e+35 4.49123e+20 8.84844e+38
1.80456e+15 5.83032e+35 4.54491e+20 8.91288e+38
1.82205e+15 5.96345e+35 4.59811e+20 8.97695e+38
1.83955e+15 6.09705e+35 4.65081e+20 9.04064e+38
1.85704e+15 6.23104e+35 4.70298e+20 9.10396e+38
1.87453e+15 6.36535e+35 4.75462e+20 9.16693e+38
1.89202e+15 6.49989e+35 4.8057e+20 9.22953e+38
1.90951e+15 6.63459e+35 4.85621e+20 9.29178e+38
1.927e+15 6.76938e+35 4.90614e+20 9.35369e+38
1.94449e+15 6.90416e+35 4.95546e+20 9.41525e+38
1.96198e+15 7.03888e+35 5.00417e+20 9.47648e+38
1.97947e+15 7.17344e+35 5.05226e+20 9.53738e+38
1.99696e+15 7.30778e+35 5.0997e+20 9.59796e+38
2.01445e+15 7.44181e+35 5.1465e+20 9.65822e+38
2.03194e+15 7.57547e+35 5.19264e+20 9.71816e+38
2.04943e+15 7.70869e+35 5.2381e+20 9.7778e+38
2.06692e+15 7.84138e+35 5.2829e+20 9.83714e+38
2.08441e+15 7.9735e+35 5.327e+20 9.89618e+38
2.1019e+15 8.10495e+35 5.37042e+20 9.95493e+38
2.11939e+15 8.23569e+35 5.41314e+20 1.00134e+39
2.13688e+15 8.36564e+35 5.45516e+20 1.00716e+39
2.15437e+15 8.49475e+35 5.49647e+20 1.01295e+39
2.17187e+15 8.62296e+35 5.53708e+20 1.01871e+39
2.18936e+15 8.75021e+35 5.57698e+20 1.02445e+39
2.20685e+15 8.87645e+35 5.61616e+20 1.03017e+39
2.22434e+15 9.00162e+35 5.65464e+20 1.03585e+39
2.24183e+15 9.12568e+35 5.6924e+20 1.04152e+39
2.25932e+15 9.24858e+35 5.72945e+20 1.04716e+39
2.27681e+15 9.37027e+35 5.7658e+20 1.05277e+39
2.2943e+15 9.49073e+35 5.80144e+20 1.05836e+39
2.31179e+15 9.60991e+35 5.83638e+20 1.06393e+39
2.32928e+15 9.72778e+35 5.87063e+20 1.06948e+39
2.34677e+15 9.84431e+35 5.90418e+20 1.07501e+39
2.36426e+15 9.95947e+35 5.93705e+20 1.08051e+39
2.38175e+15 1.00732e+36 5.96923e+20 1.086e+39
2.39924e+15 1.01856e+36 6.00075e+20 1.09146e+39
2.41673e+15 1.02965e+36 6.0316e+20 1.09691e+39
2.43422e+15 1.04059e+36 6.06179e+20 1.10234e+39
2.45171e+15 1.05139e+36 6.09133e+20 1.10774e+39
2.4692e+15 1.06204e+36 6.12024e+20 1.11313e+39
2.48669e+15 1.07255e+36 6.14851e+20 1.11851e+39
2.50419e+15 1.0829e+36 6.17617e+20 1.12386e+39
2.52168e+15 1.09311e+36 6.20321e+20 1.1292e+39
2.53917e+15 1.10317e+36 6.22966e+20 1.13452e+39
2.55666e+15 1.11308e+36 6.25552e+20 1.13982e+39
2.57415e+15 1.12284e+36 6.28081e+20 1.14511e+39
2.59164e+15 1.13245e+36 6.30553e+20 1.15038e+39
2.60913e+15 1.14192e+36 6.3297e+20 1.15564e+39
2.62662e+15 1.15125e+36 6.35333e+20 1.16089e+39
2.64411e+15 1.16043e+36 6.37643e+20 1.16612e+39
2.6616e+15 1.16947e+36 6.39902e+20 1.17133e+39
2.67909e+15 1.17837e+36 6.4211e+20 1.17654e+39
2.69658e+15 1.18713e+36 6.4427e+20 1.18172e+39
2.71407e+15 1.19576e+36 6.46382e+20 1.1869e+39
2.73156e+15 1.20425e+36 6.48447e+20 1.19206e+39
2.74905e+15 1.21262e+36 6.50468e+20 1.19722e+39
2.76654e+15 1.22086e+36 6.52444e+20 1.20236e+39
2.78403e+15 1.22897e+36 6.54378e+20 1.20748e+39
2.80152e+15 1.23696e+36 6.56271e+20 1.2126e+39
2.81901e+15 1.24483e+36 6.58124e+20 1.2177e+39
2.83651e+15 1.25258e+36 6.59938e+20 1.2228e+39
2.854e+15 1.26022e+36 6.61715e+20 1.22788e+39
2.87149e+15 1.26775e+36 6.63455e+20 1.23295e+39
2.88898e+15 1.27517e+36 6.6516e+20 1.23802e+39
2.90647e+15 1.28249e+36 6.66832e+20 1.24307e+39
2.92396e+15 1.28971e+36 6.6847e+20 1.24811e+39
2.94145e+15 1.29683e+36 6.70077e+20 1.25315e+39
2.95894e+15 1.30385e+36 6.71654e+20 1.25817e+39
2.96069e+15 1.30455e+36 6.7181e+20 1.25867e+39
2.96244e+15 1.30525e+36 6.71966e+20 1.25918e+39
2.96419e+15 1.30594e+36 6.72121e+20 1.25968e+39
2.96436e+15 1.30601e+36 6.72137e+20 1.25973e+39
2.96454e+15 1.30608e+36 6.72152e+20 1.25978e+39
2.96471e+15 1.30615e+36 6.72168e+20 1.25983e+39
2.96473e+15 1.30616e+36 6.72169e+20 1.25983e+39
2.96475e+15 1.30617e+36 6.72171e+20 1.25984e+39
2.96476e+15 1.30617e+36 6.72172e+20 1.25984e+39
2.96478e+15 1.30618e+36 6.72174e+20 1.25985e+39
2.9648e+15 1.30619e+36 6.72176e+20 1.25985e+39
