197
7.81715 1.00985e+09 1 4.70913e+24
7.85637 1.00985e+10 1.15071e+09 4.73275e+24
8.10594 1.00985e+11 1.26191e+10 4.8831e+24
11.5376 1.2098e+12 1.21648e+11 6.95036e+24
16.3115 1.39981e+13 1.02261e+12 9.8262e+24
44.8536 1.70004e+14 6.10979e+12 2.70202e+25
210.907 5.81917e+15 4.89767e+13 1.27052e+26
1143.77 1.90031e+17 3.22418e+14 6.89018e+26
10384.2 9.74284e+18 2.09686e+15 6.25553e+27
26082.1 4.96683e+19 4.32308e+15 1.57121e+28
65514.6 2.43062e+20 8.63003e+15 3.94664e+28
164506 1.15084e+21 1.66987e+16 9.90989e+28
413417 5.26483e+21 3.12931e+16 2.49041e+29
1.03842e+06 2.31847e+22 5.66743e+16 6.2553e+29
2.60821e+06 9.75405e+22 9.87577e+16 1.5711e+30
6.55324e+06 3.91101e+23 1.66013e+17 3.94727e+30
8.24855e+06 5.25842e+23 1.84272e+17 4.96834e+30
1.64595e+07 1.43474e+24 2.58876e+17 9.91347e+30
3.28384e+07 3.8325e+24 3.5843e+17 1.97768e+31
6.55324e+07 1.00585e+25 4.88081e+17 3.94627e+31
1.30796e+08 2.60365e+25 6.54879e+17 7.87528e+31
2.61e+08 6.67472e+25 8.69929e+17 1.57121e+32
3.28562e+08 8.73669e+25 9.40084e+17 1.9778e+32
5.20912e+08 1.62955e+26 1.1191e+18 3.13521e+32
8.25569e+08 3.02822e+26 1.32916e+18 4.96798e+32
1.03931e+09 4.1289e+26 1.44857e+18 6.25358e+32
1.30885e+09 5.03572e+26 1.52617e+18 7.87463e+32
1.64809e+09 6.85897e+26 1.64869e+18 9.91465e+32
2.61178e+09 1.2718e+27 1.92682e+18 1.57084e+33
4.1413e+09 2.35532e+27 2.25127e+18 2.49009e+33
6.56572e+09 4.36121e+27 2.63236e+18 3.9466e+33
8.26638e+09 5.66056e+27 2.80792e+18 4.968e+33
1.04038e+10 7.7017e+27 3.02661e+18 6.25142e+33
1.31081e+10 1.04782e+28 3.26329e+18 7.87482e+33
1.65005e+10 1.42481e+28 3.51845e+18 9.91074e+33
2.07876e+10 1.93716e+28 3.79441e+18 1.24828e+34
2.61713e+10 2.50272e+28 4.03597e+18 1.57119e+34
3.29454e+10 3.40313e+28 4.34048e+18 1.97737e+34
4.15022e+10 4.62717e+28 4.67072e+18 2.49026e+34
5.22516e+10 5.94894e+28 4.95347e+18 3.13435e+34
6.58177e+10 8.08782e+28 5.31547e+18 3.94693e+34
8.28777e+10 1.09989e+29 5.70761e+18 4.96835e+34
1.04323e+11 1.49482e+29 6.13014e+18 6.25175e+34
1.31491e+11 2.03329e+29 6.58877e+18 7.87682e+34
1.65504e+11 2.59725e+29 6.97003e+18 9.91037e+34
1.83454e+11 2.89204e+29 7.13886e+18 1.09832e+35
2.08411e+11 3.28937e+29 7.34152e+18 1.24746e+35
2.62604e+11 4.47176e+29 7.84231e+18 1.57118e+35
3.30702e+11 5.81597e+29 8.29682e+18 1.97774e+35
4.275e+11 7.80423e+29 8.87056e+18 2.55519e+35
4.43544e+11 7.88915e+29 8.89002e+18 2.65089e+35
5.2002e+11 8.35057e+29 8.98559e+18 3.10703e+35
6.57464e+11 9.09717e+29 9.11297e+18 3.92671e+35
7.92055e+11 9.82935e+29 9.21411e+18 4.72927e+35
9.67468e+11 1.08291e+30 9.32786e+18 5.77513e+35
1.18959e+12 1.21781e+30 9.45286e+18 7.0993e+35
1.46305e+12 1.39885e+30 9.57565e+18 8.72943e+35
1.67394e+12 9.52334e+29 9.1741e+18 9.98789e+35
6.70637e+12 9.29103e+30 1.22156e+19 3.99159e+36
1.34234e+13 1.86827e+31 1.3173e+19 7.98107e+36
2.01441e+13 3.34064e+31 1.40502e+19 1.19688e+37
2.68825e+13 5.15268e+31 1.48211e+19 1.59634e+37
3.3621e+13 7.23387e+31 1.55091e+19 1.99548e+37
4.03595e+13 9.55058e+31 1.61343e+19 2.39433e+37
4.70979e+13 1.20868e+32 1.67135e+19 2.7929e+37
5.38542e+13 1.48361e+32 1.72571e+19 3.19229e+37
6.06105e+13 1.77855e+32 1.7771e+19 3.59144e+37
6.73668e+13 2.09577e+32 1.82651e+19 3.99036e+37
7.41231e+13 2.43222e+32 1.87391e+19 4.38908e+37
8.08972e+13 2.79111e+32 1.92001e+19 4.78863e+37
8.76713e+13 3.17242e+32 1.96509e+19 5.18799e+37
9.44454e+13 3.57456e+32 2.00914e+19 5.58714e+37
1.0122e+14 4.00073e+32 2.0525e+19 5.98613e+37
1.07994e+14 4.44933e+32 2.09518e+19 6.38489e+37
1.14768e+14 4.92357e+32 2.1376e+19 6.78346e+37
1.2156e+14 5.42344e+32 2.17964e+19 7.18292e+37
1.28352e+14 5.94894e+32 2.22149e+19 7.58218e+37
1.35144e+14 6.49528e+32 2.26279e+19 7.98125e+37
1.56856e+14 1.1151e+33 2.57418e+19 9.25499e+37
1.93241e+14 1.84247e+33 2.98596e+19 1.13801e+38
2.13385e+14 2.35997e+33 3.23753e+19 1.25523e+38
2.35133e+14 3.01204e+33 3.52433e+19 1.38141e+38
2.58129e+14 3.83234e+33 3.85167e+19 1.51437e+38
2.82908e+14 4.85131e+33 4.2216e+19 1.65709e+38
3.00379e+14 5.67482e+33 4.49836e+19 1.75735e+38
3.1787e+14 6.59243e+33 4.78513e+19 1.85749e+38
3.3536e+14 7.69976e+33 5.11191e+19 1.9573e+38
3.52851e+14 8.99807e+33 5.47463e+19 2.05674e+38
3.70341e+14 1.04885e+34 5.86972e+19 2.15578e+38
3.87832e+14 1.21722e+34 6.29408e+19 2.25438e+38
4.05322e+14 1.40501e+34 6.74495e+19 2.35253e+38
4.22813e+14 1.61229e+34 7.21988e+19 2.45018e+38
4.40303e+14 1.83914e+34 7.71668e+19 2.54732e+38
4.57794e+14 2.08562e+34 8.23338e+19 2.64394e+38
4.75284e+14 2.35177e+34 8.7682e+19 2.74e+38
4.92775e+14 2.63762e+34 9.31953e+19 2.8355e+38
5.10265e+14 2.94319e+34 9.88589e+19 2.93043e+38
5.27756e+14 3.26849e+34 1.04659e+20 3.02477e+38
5.45246e+14 3.6135e+34 1.10584e+20 3.11851e+38
5.62737e+14 3.97822e+34 1.16622e+20 3.21164e+38
5.80227e+14 4.36259e+34 1.22762e+20 3.30416e+38
5.97718e+14 4.76658e+34 1.28995e+20 3.39606e+38
6.15208e+14 5.19011e+34 1.35311e+20 3.48734e+38
6.32699e+14 5.63311e+34 1.41701e+20 3.57798e+38
6.5019e+14 6.09548e+34 1.48159e+20 3.668e+38
6.6768e+14 6.57711e+34 1.54676e+20 3.75738e+38
6.85171e+14 7.07789e+34 1.61245e+20 3.84613e+38
7.02661e+14 7.59767e+34 1.67859e+20 3.93425e+38
7.20152e+14 8.13631e+34 1.74513e+20 4.02173e+38
7.37642e+14 8.69364e+34 1.81201e+20 4.10858e+38
7.55133e+14 9.26947e+34 1.87916e+20 4.1948e+38
7.72623e+14 9.86362e+34 1.94653e+20 4.28038e+38
7.90114e+14 1.04759e+35 2.01408e+20 4.36534e+38
8.07604e+14 1.1106e+35 2.08175e+20 4.44968e+38
8.25095e+14 1.17538e+35 2.14951e+20 4.53339e+38
8.42585e+14 1.24189e+35 2.2173e+20 4.61649e+38
8.60076e+14 1.31012e+35 2.28509e+20 4.69897e+38
8.77566e+14 1.38003e+35 2.35283e+20 4.78085e+38
8.95057e+14 1.4516e+35 2.4205e+20 4.86213e+38
9.12547e+14 1.52479e+35 2.48804e+20 4.9428e+38
9.30038e+14 1.59958e+35 2.55543e+20 5.02289e+38
9.47528e+14 1.67592e+35 2.62264e+20 5.10238e+38
9.65019e+14 1.75379e+35 2.68964e+20 5.1813e+38
9.82509e+14 1.83315e+35 2.75639e+20 5.25964e+38
1e+15 1.91397e+35 2.82287e+20 5.33741e+38
1.01749e+15 1.9962e+35 2.88904e+20 5.41462e+38
1.03498e+15 2.07981e+35 2.9549e+20 5.49127e+38
1.05247e+15 2.16476e+35 3.0204e+20 5.56738e+38
1.06996e+15 2.25101e+35 3.08552e+20 5.64294e+38
1.08745e+15 2.33851e+35 3.15025e+20 5.71796e+38
1.10494e+15 2.42723e+35 3.21456e+20 5.79246e+38
1.12243e+15 2.51711e+35 3.27843e+20 5.86643e+38
1.13992e+15 2.60813e+35 3.34185e+20 5.93989e+38
1.15741e+15 2.70023e+35 3.40479e+20 6.01284e+38
1.17491e+15 2.79336e+35 3.46724e+20 6.08529e+38
1.1924e+15 2.88749e+35 3.52917e+20 6.15725e+38
1.20989e+15 2.98256e+35 3.59058e+20 6.22872e+38
1.22738e+15 3.07853e+35 3.65145e+20 6.29971e+38
1.24487e+15 3.17535e+35 3.71177e+20 6.37023e+38
1.26236e+15 3.27297e+35 3.77152e+20 6.44028e+38
1.27985e+15 3.37135e+35 3.83069e+20 6.50988e+38
1.29734e+15 3.47044e+35 3.88927e+20 6.57902e+38
1.31483e+15 3.57019e+35 3.94724e+20 6.64773e+38
1.33232e+15 3.67055e+35 4.00461e+20 6.716e+38
1.34981e+15 3.77147e+35 4.06135e+20 6.78383e+38
1.3673e+15 3.87291e+35 4.11747e+20 6.85125e+38
1.38479e+15 3.97481e+35 4.17294e+20 6.91825e+38
1.40228e+15 4.07713e+35 4.22777e+20 6.98485e+38
1.41977e+15 4.17982e+35 4.28195e+20 7.05104e+38
1.43726e+15 4.28283e+35 4.33547e+20 7.11685e+38
1.45475e+15 4.38612e+35 4.38832e+20 7.18226e+38
1.47224e+15 4.48963e+35 4.44051e+20 7.2473e+38
1.48973e+15 4.59332e+35 4.49202e+20 7.31196e+38
1.50723e+15 4.69715e+35 4.54286e+20 7.37625e+38
1.52472e+15 4.80107e+35 4.59302e+20 7.44019e+38
1.54221e+15 4.90503e+35 4.6425e+20 7.50377e+38
1.5597e+15 5.00899e+35 4.69129e+20 7.56701e+38
1.57719e+15 5.11291e+35 4.73939e+20 7.6299e+38
1.59468e+15 5.21674e+35 4.78681e+20 7.69246e+38
1.61217e+15 5.32043e+35 4.83355e+20 7.7547e+38
1.62966e+15 5.42396e+35 4.87959e+20 7.81661e+38
1.64715e+15 5.52728e+35 4.92495e+20 7.87821e+38
1.66464e+15 5.63034e+35 4.96962e+20 7.9395e+38
1.68213e+15 5.73311e+35 5.0136e+20 8.00049e+38
1.69962e+15 5.83556e+35 5.05691e+20 8.06117e+38
1.71711e+15 5.93764e+35 5.09953e+20 8.12157e+38
1.7346e+15 6.03932e+35 5.14147e+20 8.18169e+38
1.75209e+15 6.14056e+35 5.18274e+20 8.24152e+38
1.76958e+15 6.24134e+35 5.22333e+20 8.30108e+38
1.78707e+15 6.34162e+35 5.26325e+20 8.36037e+38
1.80456e+15 6.44136e+35 5.30251e+20 8.41939e+38
1.82205e+15 6.54054e+35 5.34111e+20 8.47816e+38
1.83955e+15 6.63913e+35 5.37905e+20 8.53668e+38
1.85704e+15 6.73711e+35 5.41635e+20 8.59495e+38
1.87453e+15 6.83444e+35 5.45299e+20 8.65298e+38
1.89202e+15 6.9311e+35 5.48899e+20 8.71077e+38
1.90951e+15 7.02706e+35 5.52436e+20 8.76832e+38
1.927e+15 7.12232e+35 5.5591e+20 8.82565e+38
1.94449e+15 7.21683e+35 5.59322e+20 8.88276e+38
1.96198e+15 7.31059e+35 5.62673e+20 8.93965e+38
1.97947e+15 7.40357e+35 5.65962e+20 8.99632e+38
1.99696e+15 7.49576e+35 5.69191e+20 9.05279e+38
2.01445e+15 7.58715e+35 5.72361e+20 9.10905e+38
2.03194e+15 7.67771e+35 5.75472e+20 9.16512e+38
2.04943e+15 7.76743e+35 5.78525e+20 9.22098e+38
2.06692e+15 7.85631e+35 5.8152e+20 9.27666e+38
2.08441e+15 7.94432e+35 5.84459e+20 9.33214e+38
2.1019e+15 8.03147e+35 5.87343e+20 9.38745e+38
2.11939e+15 8.11773e+35 5.90172e+20 9.44257e+38
2.13688e+15 8.20312e+35 5.92947e+20 9.49752e+38
2.15437e+15 8.28761e+35 5.95669e+20 9.5523e+38
2.17187e+15 8.3712e+35 5.98338e+20 9.60691e+38
2.18936e+15 8.4539e+35 6.00956e+20 9.66135e+38
2.20685e+15 8.53569e+35 6.03524e+20 9.71564e+38
2.22434e+15 8.61658e+35 6.06042e+20 9.76976e+38
2.24183e+15 8.69657e+35 6.08511e+20 9.82373e+38
2.24358e+15 8.70452e+35 6.08755e+20 9.82912e+38
