162
7.81715 1.00985e+09 1 4.70913e+24
7.85637 1.00985e+10 1.15071e+09 4.73275e+24
8.10594 1.00985e+11 1.26191e+10 4.8831e+24
11.5376 1.2098e+12 1.21648e+11 6.95036e+24
16.3115 1.39981e+13 1.02261e+12 9.8262e+24
44.8536 1.70004e+14 6.10979e+12 2.70202e+25
210.907 5.81917e+15 4.89767e+13 1.27052e+26
1143.77 1.90031e+17 3.22418e+14 6.89018e+26
10384.2 9.74284e+18 2.09686e+15 6.25553e+27
26082.1 4.96683e+19 4.32308e+15 1.57121e+28
65514.6 2.43062e+20 8.63003e+15 3.94664e+28
164506 1.15084e+21 1.66987e+16 9.90989e+28
413417 5.26483e+21 3.12931e+16 2.49041e+29
1.03842e+06 2.31847e+22 5.66743e+16 6.2553e+29
2.60821e+06 9.75405e+22 9.87577e+16 1.5711e+30
6.55324e+06 3.91101e+23 1.66013e+17 3.94727e+30
8.24855e+06 5.25842e+23 1.84272e+17 4.96834e+30
1.64595e+07 1.43474e+24 2.58876e+17 9.91347e+30
3.28384e+07 3.8325e+24 3.5843e+17 1.97768e+31
6.55324e+07 1.00585e+25 4.88081e+17 3.94627e+31
1.30796e+08 2.60365e+25 6.54879e+17 7.87528e+31
2.61e+08 6.67472e+25 8.69929e+17 1.57121e+32
3.28562e+08 8.73669e+25 9.40084e+17 1.9778e+32
5.20912e+08 1.62955e+26 1.1191e+18 3.13521e+32
8.25569e+08 3.02822e+26 1.32916e+18 4.96798e+32
1.03931e+09 4.1289e+26 1.44857e+18 6.25358e+32
1.30885e+09 5.03572e+26 1.52617e+18 7.87463e+32
1.64809e+09 6.85897e+26 1.64869e+18 9.91465e+32
2.61178e+09 1.2718e+27 1.92682e+18 1.57084e+33
4.1413e+09 2.35532e+27 2.25127e+18 2.49009e+33
6.56572e+09 4.36121e+27 2.63236e+18 3.9466e+33
8.26638e+09 5.66056e+27 2.80792e+18 4.968e+33
1.04038e+10 7.7017e+27 3.02661e+18 6.25142e+33
1.31081e+10 1.04782e+28 3.26329e+18 7.87482e+33
1.65005e+10 1.42481e+28 3.51845e+18 9.91074e+33
2.07876e+10 1.93716e+28 3.79441e+18 1.24828e+34
2.61713e+10 2.50272e+28 4.03597e+18 1.57119e+34
3.29454e+10 3.40313e+28 4.34048e+18 1.97737e+34
4.15022e+10 4.62717e+28 4.67072e+18 2.49026e+34
5.22516e+10 5.94894e+28 4.95347e+18 3.13435e+34
6.58177e+10 8.08782e+28 5.31547e+18 3.94693e+34
8.28777e+10 1.09989e+29 5.70761e+18 4.96835e+34
1.04323e+11 1.49482e+29 6.13014e+18 6.25175e+34
1.31491e+11 2.03329e+29 6.58877e+18 7.87682e+34
1.65504e+11 2.59725e+29 6.97003e+18 9.91037e+34
1.83454e+11 2.89204e+29 7.13886e+18 1.09832e+35
2.08411e+11 3.28937e+29 7.34152e+18 1.24746e+35
2.62604e+11 4.47176e+29 7.84231e+18 1.57118e+35
3.30702e+11 5.81597e+29 8.29682e+18 1.97774e+35
4.275e+11 7.80423e+29 8.87056e+18 2.55519e+35
4.43544e+11 7.88915e+29 8.89002e+18 2.65089e+35
5.2002e+11 8.35057e+29 8.98559e+18 3.10703e+35
6.57464e+11 9.09717e+29 9.11297e+18 3.92671e+35
7.92055e+11 9.82935e+29 9.21411e+18 4.72927e+35
9.67468e+11 1.08291e+30 9.32786e+18 5.77513e+35
1.18959e+12 1.21781e+30 9.45286e+18 7.0993e+35
1.46305e+12 1.39885e+30 9.57565e+18 8.72943e+35
1.67394e+12 9.52334e+29 9.1741e+18 9.98789e+35
6.70637e+12 9.29103e+30 1.22156e+19 3.99159e+36
1.34234e+13 1.86827e+31 1.3173e+19 7.98107e+36
2.01441e+13 3.34064e+31 1.40502e+19 1.19688e+37
2.68825e+13 5.15268e+31 1.48211e+19 1.59634e+37
3.3621e+13 7.23387e+31 1.55091e+19 1.99548e+37
4.03595e+13 9.55058e+31 1.61343e+19 2.39433e+37
4.70979e+13 1.20868e+32 1.67135e+19 2.7929e+37
5.38542e+13 1.48361e+32 1.72571e+19 3.19229e+37
6.06105e+13 1.77855e+32 1.7771e+19 3.59144e+37
6.73668e+13 2.09577e+32 1.82651e+19 3.99036e+37
7.41231e+13 2.43222e+32 1.87391e+19 4.38908e+37
8.08972e+13 2.79111e+32 1.92001e+19 4.78863e+37
8.76713e+13 3.17242e+32 1.96509e+19 5.18799e+37
9.44454e+13 3.57456e+32 2.00914e+19 5.58714e+37
1.0122e+14 4.00073e+32 2.0525e+19 5.98613e+37
1.07994e+14 4.44933e+32 2.09518e+19 6.38489e+37
1.14768e+14 4.92357e+32 2.1376e+19 6.78346e+37
1.2156e+14 5.42344e+32 2.17964e+19 7.18292e+37
1.28352e+14 5.94894e+32 2.22149e+19 7.58218e+37
1.35144e+14 6.49528e+32 2.26279e+19 7.98125e+37
1.56696e+14 7.16161e+32 2.30867e+19 9.24691e+37
1.92884e+14 1.14746e+33 2.54403e+19 1.137e+38
2.13028e+14 1.457e+33 2.69538e+19 1.25486e+38
2.3442e+14 1.84888e+33 2.86899e+19 1.3798e+38
2.57416e+14 2.34555e+33 3.06892e+19 1.51384e+38
2.81661e+14 2.96558e+33 3.29643e+19 1.65481e+38
2.99131e+14 3.46545e+33 3.46646e+19 1.75616e+38
3.16653e+14 4.09959e+33 3.66709e+19 1.85766e+38
3.34174e+14 5.01667e+33 3.94108e+19 1.95891e+38
3.51696e+14 6.23972e+33 4.28688e+19 2.05984e+38
3.69218e+14 7.79061e+33 4.70268e+19 2.16037e+38
3.8674e+14 9.68943e+33 5.18622e+19 2.26043e+38
4.04261e+14 1.19537e+34 5.73472e+19 2.35994e+38
4.21783e+14 1.45975e+34 6.34486e+19 2.45884e+38
4.39305e+14 1.76311e+34 7.01265e+19 2.55708e+38
4.56827e+14 2.106e+34 7.7335e+19 2.65459e+38
4.74348e+14 2.48844e+34 8.50219e+19 2.75133e+38
4.9187e+14 2.90988e+34 9.31294e+19 2.84725e+38
5.09392e+14 3.36918e+34 1.01595e+20 2.94232e+38
5.26913e+14 3.86458e+34 1.10353e+20 3.03651e+38
5.44435e+14 4.39372e+34 1.19333e+20 3.12981e+38
5.61957e+14 4.95366e+34 1.28466e+20 3.22219e+38
5.79479e+14 5.54096e+34 1.37681e+20 3.31366e+38
5.97e+14 6.1517e+34 1.46909e+20 3.40421e+38
6.14522e+14 6.7816e+34 1.56082e+20 3.49385e+38
6.32044e+14 7.42611e+34 1.6514e+20 3.5826e+38
6.49566e+14 8.08053e+34 1.74024e+20 3.67048e+38
6.67087e+14 8.74012e+34 1.82682e+20 3.75751e+38
6.84609e+14 9.4002e+34 1.91069e+20 3.84371e+38
7.02131e+14 1.00563e+35 1.99147e+20 3.92913e+38
7.19652e+14 1.07043e+35 2.06885e+20 4.01379e+38
7.37174e+14 1.13403e+35 2.14261e+20 4.09774e+38
7.54696e+14 1.19611e+35 2.21258e+20 4.18101e+38
7.72218e+14 1.2564e+35 2.27869e+20 4.26364e+38
7.89739e+14 1.31466e+35 2.34092e+20 4.34567e+38
8.07261e+14 1.37074e+35 2.39931e+20 4.42713e+38
8.24783e+14 1.42455e+35 2.45396e+20 4.50807e+38
8.42304e+14 1.47602e+35 2.50502e+20 4.58852e+38
8.59826e+14 1.52519e+35 2.55267e+20 4.66851e+38
8.77348e+14 1.57209e+35 2.59714e+20 4.74808e+38
8.9487e+14 1.61684e+35 2.63867e+20 4.82726e+38
9.12391e+14 1.65957e+35 2.67749e+20 4.90607e+38
9.29913e+14 1.70044e+35 2.71389e+20 4.98453e+38
9.47435e+14 1.73964e+35 2.74813e+20 5.06268e+38
9.64957e+14 1.77738e+35 2.78045e+20 5.14053e+38
9.82478e+14 1.81384e+35 2.81112e+20 5.2181e+38
1e+15 1.84926e+35 2.84036e+20 5.29541e+38
1.01752e+15 1.88381e+35 2.86839e+20 5.37246e+38
1.03504e+15 1.91772e+35 2.89542e+20 5.44928e+38
1.05257e+15 1.95115e+35 2.92162e+20 5.52586e+38
1.07009e+15 1.98427e+35 2.94716e+20 5.60222e+38
1.08761e+15 2.01725e+35 2.97216e+20 5.67837e+38
1.10513e+15 2.05021e+35 2.99675e+20 5.75431e+38
1.12265e+15 2.08328e+35 3.02103e+20 5.83004e+38
1.14017e+15 2.11655e+35 3.04509e+20 5.90557e+38
1.1577e+15 2.15012e+35 3.06898e+20 5.9809e+38
1.17522e+15 2.18406e+35 3.09278e+20 6.05603e+38
1.19274e+15 2.21843e+35 3.11651e+20 6.13097e+38
1.21026e+15 2.25326e+35 3.14021e+20 6.20571e+38
1.22778e+15 2.28859e+35 3.1639e+20 6.28026e+38
1.2453e+15 2.32446e+35 3.1876e+20 6.35461e+38
1.26283e+15 2.36086e+35 3.21132e+20 6.42878e+38
1.28035e+15 2.39782e+35 3.23505e+20 6.50275e+38
1.29787e+15 2.43534e+35 3.25882e+20 6.57653e+38
1.31539e+15 2.4734e+35 3.2826e+20 6.65012e+38
1.33291e+15 2.51202e+35 3.30639e+20 6.72351e+38
1.35043e+15 2.55118e+35 3.33019e+20 6.79672e+38
1.36796e+15 2.59087e+35 3.354e+20 6.86973e+38
1.38548e+15 2.63108e+35 3.3778e+20 6.94256e+38
1.403e+15 2.6718e+35 3.40158e+20 7.0152e+38
1.42052e+15 2.713e+35 3.42534e+20 7.08764e+38
1.43804e+15 2.75468e+35 3.44907e+20 7.1599e+38
1.45556e+15 2.79682e+35 3.47275e+20 7.23197e+38
1.47309e+15 2.83941e+35 3.49639e+20 7.30386e+38
1.49061e+15 2.88242e+35 3.51996e+20 7.37556e+38
1.50813e+15 2.92585e+35 3.54348e+20 7.44707e+38
1.52565e+15 2.96968e+35 3.56692e+20 7.5184e+38
1.54317e+15 3.01388e+35 3.59028e+20 7.58955e+38
1.5607e+15 3.05846e+35 3.61356e+20 7.66051e+38
1.57822e+15 3.10339e+35 3.63674e+20 7.7313e+38
1.59574e+15 3.14866e+35 3.65983e+20 7.8019e+38
1.61326e+15 3.19426e+35 3.68281e+20 7.87232e+38
1.63078e+15 3.24017e+35 3.70569e+20 7.94257e+38
1.6483e+15 3.28637e+35 3.72846e+20 8.01264e+38
