218
7.81715 1.00985e+09 1 4.70913e+24
7.85637 1.00985e+10 1.15071e+09 4.73275e+24
8.10594 1.00985e+11 1.26191e+10 4.8831e+24
11.5376 1.2098e+12 1.21648e+11 6.95036e+24
16.3115 1.39981e+13 1.02261e+12 9.8262e+24
44.8536 1.70004e+14 6.10979e+12 2.70202e+25
210.907 5.81917e+15 4.89767e+13 1.27052e+26
1143.77 1.90031e+17 3.22418e+14 6.89018e+26
10384.2 9.74284e+18 2.09686e+15 6.25553e+27
26082.1 4.96683e+19 4.32308e+15 1.57121e+28
65514.6 2.43062e+20 8.63003e+15 3.94664e+28
164506 1.15084e+21 1.66987e+16 9.90989e+28
413417 5.26483e+21 3.12931e+16 2.49041e+29
1.03842e+06 2.31847e+22 5.66743e+16 6.2553e+29
2.60821e+06 9.75405e+22 9.87577e+16 1.5711e+30
6.55324e+06 3.91101e+23 1.66013e+17 3.94727e+30
8.24855e+06 5.25842e+23 1.84272e+17 4.96834e+30
1.64595e+07 1.43474e+24 2.58876e+17 9.91347e+30
3.28384e+07 3.8325e+24 3.5843e+17 1.97768e+31
6.55324e+07 1.00585e+25 4.88081e+17 3.94627e+31
1.30796e+08 2.60365e+25 6.54879e+17 7.87528e+31
2.61e+08 6.67472e+25 8.69929e+17 1.57121e+32
3.28562e+08 8.73669e+25 9.40084e+17 1.9778e+32
5.20912e+08 1.62955e+26 1.1191e+18 3.13521e+32
8.25569e+08 3.02822e+26 1.32916e+18 4.96798e+32
1.03931e+09 4.1289e+26 1.44857e+18 6.25358e+32
1.30885e+09 5.03572e+26 1.52617e+18 7.87463e+32
1.64809e+09 6.85897e+26 1.64869e+18 9.91465e+32
2.61178e+09 1.2718e+27 1.92682e+18 1.57084e+33
4.1413e+09 2.35532e+27 2.25127e+18 2.49009e+33
6.56572e+09 4.36121e+27 2.63236e+18 3.9466e+33
8.26638e+09 5.66056e+27 2.80792e+18 4.968e+33
1.04038e+10 7.7017e+27 3.02661e+18 6.25142e+33
1.31081e+10 1.04782e+28 3.26329e+18 7.87482e+33
1.65005e+10 1.42481e+28 3.51845e+18 9.91074e+33
2.07876e+10 1.93716e+28 3.79441e+18 1.24828e+34
2.61713e+10 2.50272e+28 4.03597e+18 1.57119e+34
3.29454e+10 3.40313e+28 4.34048e+18 1.97737e+34
4.15022e+10 4.62717e+28 4.67072e+18 2.49026e+34
5.22516e+10 5.94894e+28 4.95347e+18 3.13435e+34
6.58177e+10 8.08782e+28 5.31547e+18 3.94693e+34
8.28777e+10 1.09989e+29 5.70761e+18 4.96835e+34
1.04323e+11 1.49482e+29 6.13014e+18 6.25175e+34
1.31491e+11 2.03329e+29 6.58877e+18 7.87682e+34
1.65504e+11 2.59725e+29 6.97003e+18 9.91037e+34
1.83454e+11 2.89204e+29 7.13886e+18 1.09832e+35
2.08411e+11 3.28937e+29 7.34152e+18 1.24746e+35
2.62604e+11 4.47176e+29 7.84231e+18 1.57118e+35
3.30702e+11 5.81597e+29 8.29682e+18 1.97774e+35
4.275e+11 7.80423e+29 8.87056e+18 2.55519e+35
4.43544e+11 7.88915e+29 8.89002e+18 2.65089e+35
5.2002e+11 8.35057e+29 8.98559e+18 3.10703e+35
6.57464e+11 9.09717e+29 9.11297e+18 3.92671e+35
7.92055e+11 9.82935e+29 9.21411e+18 4.72927e+35
9.67468e+11 1.08291e+30 9.32786e+18 5.77513e+35
1.18959e+12 1.21781e+30 9.45286e+18 7.0993e+35
1.46305e+12 1.39885e+30 9.57565e+18 8.72943e+35
1.67394e+12 9.52334e+29 9.1741e+18 9.98789e+35
6.70637e+12 9.29103e+30 1.22156e+19 3.99159e+36
1.34234e+13 1.86827e+31 1.3173e+19 7.98107e+36
2.01441e+13 3.34064e+31 1.40502e+19 1.19688e+37
2.68825e+13 5.15268e+31 1.48211e+19 1.59634e+37
3.3621e+13 7.23387e+31 1.55091e+19 1.99548e+37
4.03595e+13 9.55058e+31 1.61343e+19 2.39433e+37
4.70979e+13 1.20868e+32 1.67135e+19 2.7929e+37
5.38542e+13 1.48361e+32 1.72571e+19 3.19229e+37
6.06105e+13 1.77855e+32 1.7771e+19 3.59144e+37
6.73668e+13 2.09577e+32 1.82651e+19 3.99036e+37
7.41231e+13 2.43222e+32 1.87391e+19 4.38908e+37
8.08972e+13 2.79111e+32 1.92001e+19 4.78863e+37
8.76713e+13 3.17242e+32 1.96509e+19 5.18799e+37
9.44454e+13 3.57456e+32 2.00914e+19 5.58714e+37
1.0122e+14 4.00073e+32 2.0525e+19 5.98613e+37
1.07994e+14 4.44933e+32 2.09518e+19 6.38489e+37
1.14768e+14 4.92357e+32 2.1376e+19 6.78346e+37
1.2156e+14 5.42344e+32 2.17964e+19 7.18292e+37
1.28352e+14 5.94894e+32 2.22149e+19 7.58218e+37
1.35144e+14 6.49528e+32 2.26279e+19 7.98125e+37
1.56696e+14 7.16161e+32 2.30867e+19 9.24691e+37
1.92884e+14 1.14746e+33 2.54403e+19 1.137e+38
2.13028e+14 1.457e+33 2.69538e+19 1.25486e+38
2.3442e+14 1.84888e+33 2.86899e+19 1.3798e+38
2.57416e+14 2.34555e+33 3.06892e+19 1.51384e+38
2.81661e+14 2.96558e+33 3.29643e+19 1.65481e+38
2.99131e+14 3.46545e+33 3.46646e+19 1.75616e+38
3.16653e+14 3.98e+33 3.62927e+19 1.85767e+38
3.34174e+14 4.52268e+33 3.79156e+19 1.959e+38
3.51696e+14 5.09412e+33 3.95354e+19 2.06015e+38
3.69218e+14 5.69511e+33 4.11543e+19 2.16112e+38
3.8674e+14 6.32657e+33 4.27748e+19 2.26191e+38
4.04261e+14 6.98968e+33 4.43995e+19 2.36252e+38
4.21783e+14 7.68581e+33 4.6031e+19 2.46295e+38
4.39305e+14 8.41667e+33 4.76724e+19 2.5632e+38
4.56827e+14 9.18428e+33 4.93272e+19 2.66327e+38
4.74348e+14 9.99105e+33 5.09993e+19 2.76316e+38
4.9187e+14 1.08399e+34 5.26929e+19 2.86286e+38
5.09392e+14 1.17342e+34 5.44129e+19 2.96238e+38
5.26913e+14 1.26779e+34 5.61647e+19 3.06172e+38
5.44435e+14 1.36759e+34 5.79544e+19 3.16086e+38
5.61957e+14 1.47334e+34 5.97888e+19 3.2598e+38
5.79479e+14 1.58569e+34 6.16755e+19 3.35855e+38
5.97e+14 1.70536e+34 6.36227e+19 3.45709e+38
6.14522e+14 1.83318e+34 6.56396e+19 3.55543e+38
6.32044e+14 1.97009e+34 6.77364e+19 3.65354e+38
6.49566e+14 2.11715e+34 6.99238e+19 3.75143e+38
6.67087e+14 2.27557e+34 7.22136e+19 3.84909e+38
6.84609e+14 2.44666e+34 7.46185e+19 3.9465e+38
7.02131e+14 2.63189e+34 7.71519e+19 4.04365e+38
7.19652e+14 2.83289e+34 7.98279e+19 4.14054e+38
7.37174e+14 3.05141e+34 8.26613e+19 4.23715e+38
7.54696e+14 3.28937e+34 8.56674e+19 4.33345e+38
7.72218e+14 3.5488e+34 8.88619e+19 4.42944e+38
7.89739e+14 3.8319e+34 9.22607e+19 4.5251e+38
8.07261e+14 4.14098e+34 9.58796e+19 4.62041e+38
8.24783e+14 4.47843e+34 9.97344e+19 4.71535e+38
8.42304e+14 4.84678e+34 1.0384e+20 4.80989e+38
8.59826e+14 5.24859e+34 1.08211e+20 4.90401e+38
8.77348e+14 5.68646e+34 1.12861e+20 4.99768e+38
8.9487e+14 6.163e+34 1.17801e+20 5.09089e+38
9.12391e+14 6.68079e+34 1.23041e+20 5.18361e+38
9.29913e+14 7.24233e+34 1.28591e+20 5.2758e+38
9.47435e+14 7.85001e+34 1.34455e+20 5.36744e+38
9.64957e+14 8.50606e+34 1.40638e+20 5.45851e+38
9.82478e+14 9.21249e+34 1.4714e+20 5.54898e+38
1e+15 9.97106e+34 1.53958e+20 5.63881e+38
1.01752e+15 1.07832e+35 1.61088e+20 5.728e+38
1.03504e+15 1.16501e+35 1.6852e+20 5.8165e+38
1.05257e+15 1.25723e+35 1.76243e+20 5.9043e+38
1.07009e+15 1.35502e+35 1.84241e+20 5.99137e+38
1.08761e+15 1.45835e+35 1.92495e+20 6.0777e+38
1.10513e+15 1.56715e+35 2.00986e+20 6.16327e+38
1.12265e+15 1.6813e+35 2.09687e+20 6.24806e+38
1.14017e+15 1.80061e+35 2.18574e+20 6.33207e+38
1.1577e+15 1.92487e+35 2.27616e+20 6.41527e+38
1.17522e+15 2.05378e+35 2.36783e+20 6.49767e+38
1.19274e+15 2.18701e+35 2.46042e+20 6.57925e+38
1.21026e+15 2.32416e+35 2.55361e+20 6.66003e+38
1.22778e+15 2.46481e+35 2.64706e+20 6.73999e+38
1.2453e+15 2.60849e+35 2.74041e+20 6.81914e+38
1.26283e+15 2.75468e+35 2.83334e+20 6.8975e+38
1.28035e+15 2.90284e+35 2.92551e+20 6.97507e+38
1.29787e+15 3.05241e+35 3.01661e+20 7.05186e+38
1.31539e+15 3.20282e+35 3.10631e+20 7.12788e+38
1.33291e+15 3.35348e+35 3.19434e+20 7.20316e+38
1.35043e+15 3.5038e+35 3.28043e+20 7.27772e+38
1.36796e+15 3.65321e+35 3.36432e+20 7.35156e+38
1.38548e+15 3.80114e+35 3.44581e+20 7.42472e+38
1.403e+15 3.94705e+35 3.52469e+20 7.49722e+38
1.42052e+15 4.09043e+35 3.60081e+20 7.56909e+38
1.43804e+15 4.23081e+35 3.67402e+20 7.64034e+38
1.45556e+15 4.36775e+35 3.74421e+20 7.711e+38
1.47309e+15 4.50087e+35 3.81131e+20 7.78111e+38
1.49061e+15 4.62983e+35 3.87526e+20 7.85068e+38
1.50813e+15 4.75434e+35 3.93604e+20 7.91975e+38
1.52565e+15 4.87417e+35 3.99364e+20 7.98833e+38
1.54317e+15 4.98913e+35 4.0481e+20 8.05646e+38
1.5607e+15 5.09911e+35 4.09946e+20 8.12417e+38
1.57822e+15 5.20402e+35 4.14777e+20 8.19147e+38
1.59574e+15 5.30386e+35 4.19314e+20 8.25839e+38
1.61326e+15 5.39863e+35 4.23565e+20 8.32496e+38
1.63078e+15 5.48842e+35 4.27542e+20 8.3912e+38
1.6483e+15 5.57332e+35 4.31257e+20 8.45713e+38
1.66583e+15 5.65349e+35 4.34724e+20 8.52277e+38
1.68335e+15 5.72909e+35 4.37956e+20 8.58814e+38
1.70087e+15 5.80033e+35 4.40969e+20 8.65325e+38
1.71839e+15 5.86743e+35 4.43776e+20 8.71814e+38
1.73591e+15 5.93063e+35 4.46392e+20 8.78281e+38
1.75343e+15 5.99017e+35 4.48832e+20 8.84728e+38
1.77096e+15 6.04632e+35 4.5111e+20 8.91156e+38
1.78848e+15 6.09932e+35 4.5324e+20 8.97567e+38
1.806e+15 6.14946e+35 4.55236e+20 9.03961e+38
1.82352e+15 6.19697e+35 4.5711e+20 9.1034e+38
1.84104e+15 6.24211e+35 4.58874e+20 9.16705e+38
1.85856e+15 6.28512e+35 4.60541e+20 9.23057e+38
1.87609e+15 6.32623e+35 4.6212e+20 9.29397e+38
1.89361e+15 6.36566e+35 4.63621e+20 9.35724e+38
1.91113e+15 6.40361e+35 4.65055e+20 9.42041e+38
1.92865e+15 6.44027e+35 4.66428e+20 9.48347e+38
1.94617e+15 6.47583e+35 4.67749e+20 9.54643e+38
1.96369e+15 6.51043e+35 4.69024e+20 9.60929e+38
1.98122e+15 6.54422e+35 4.7026e+20 9.67206e+38
1.99874e+15 6.57735e+35 4.71461e+20 9.73474e+38
2.01626e+15 6.60992e+35 4.72634e+20 9.79734e+38
2.03378e+15 6.64204e+35 4.73781e+20 9.85985e+38
2.0513e+15 6.67381e+35 4.74907e+20 9.92229e+38
2.06883e+15 6.70531e+35 4.76016e+20 9.98464e+38
2.08635e+15 6.73661e+35 4.77109e+20 1.00469e+39
2.10387e+15 6.76777e+35 4.78189e+20 1.01091e+39
2.12139e+15 6.79884e+35 4.79258e+20 1.01712e+39
2.13891e+15 6.82987e+35 4.80318e+20 1.02333e+39
2.15643e+15 6.86091e+35 4.81371e+20 1.02953e+39
2.17396e+15 6.89198e+35 4.82417e+20 1.03572e+39
2.19148e+15 6.92311e+35 4.83458e+20 1.0419e+39
2.209e+15 6.95432e+35 4.84494e+20 1.04808e+39
2.22652e+15 6.98564e+35 4.85526e+20 1.05425e+39
2.24404e+15 7.01708e+35 4.86555e+20 1.06041e+39
2.26156e+15 7.04864e+35 4.87582e+20 1.06657e+39
2.27909e+15 7.08035e+35 4.88605e+20 1.07271e+39
2.29661e+15 7.11221e+35 4.89627e+20 1.07886e+39
2.31413e+15 7.14423e+35 4.90646e+20 1.08499e+39
2.33165e+15 7.17641e+35 4.91664e+20 1.09112e+39
2.34917e+15 7.20875e+35 4.9268e+20 1.09724e+39
2.36669e+15 7.24126e+35 4.93695e+20 1.10335e+39
2.38422e+15 7.27395e+35 4.94708e+20 1.10946e+39
2.40174e+15 7.3068e+35 4.9572e+20 1.11556e+39
2.41926e+15 7.33983e+35 4.9673e+20 1.12166e+39
2.43678e+15 7.37302e+35 4.97739e+20 1.12774e+39
2.4543e+15 7.40639e+35 4.98747e+20 1.13382e+39
2.47182e+15 7.43994e+35 4.99753e+20 1.1399e+39
2.48935e+15 7.47365e+35 5.00758e+20 1.14596e+39
2.50687e+15 7.50754e+35 5.01762e+20 1.15202e+39
2.52439e+15 7.5416e+35 5.02764e+20 1.15808e+39
2.54191e+15 7.57582e+35 5.03765e+20 1.16412e+39
2.55943e+15 7.61022e+35 5.04764e+20 1.17016e+39
2.57696e+15 7.64478e+35 5.05762e+20 1.1762e+39
2.59448e+15 7.67951e+35 5.06759e+20 1.18222e+39
2.612e+15 7.7144e+35 5.07754e+20 1.18825e+39
2.62952e+15 7.74946e+35 5.08748e+20 1.19426e+39
