110
7.81715e+00 1.00985e+09 9.999999999999999e-01 4.709126506024766e+24 
7.85637e+00 1.00985e+10 1.150712886693269e+09 4.732753012048899e+24 
8.10594e+00 1.00985e+11 1.261912763906016e+10 4.883096385541287e+24 
1.15376e+01 1.20980e+12 1.216478957009832e+11 6.950361445653297e+24 
1.63115e+01 1.39981e+13 1.022605731360370e+12 9.826204817479360e+24 
4.48536e+01 1.70004e+14 6.109792678186396e+12 2.702024089411891e+25 
2.10907e+02 5.81917e+15 4.897671825081223e+13 1.270524066153885e+26 
1.14377e+03 1.90031e+17 3.224181268036494e+14 6.890179524841049e+26 
1.03842e+04 9.74284e+18 2.096857761259834e+15 6.255534104409816e+27 
2.60821e+04 4.96683e+19 4.323082252774997e+15 1.571206614852099e+28 
6.55146e+04 2.43062e+20 8.630030795942310e+15 3.946641045710894e+28 
1.64506e+05 1.15084e+21 1.669867087871943e+16 9.909893012167720e+28 
4.13417e+05 5.26483e+21 3.129311608058356e+16 2.490412430651336e+29 
1.03842e+06 2.31847e+22 5.667432761602113e+16 6.255303105342416e+29 
2.60821e+06 9.75405e+22 9.875768534833226e+16 1.571103575296042e+30 
6.55324e+06 3.91101e+23 1.660131818408302e+17 3.947267898203605e+30 
8.24855e+06 5.25842e+23 1.842724068567063e+17 4.968339714177620e+30 
1.64595e+07 1.43474e+24 2.588761872468997e+17 9.913467238019554e+30 
3.28384e+07 3.83250e+24 3.584302094107078e+17 1.977684876233368e+31 
6.55324e+07 1.00585e+25 4.880807670523940e+17 3.946265478810401e+31 
1.30796e+08 2.60365e+25 6.548791758040543e+17 7.875281833946769e+31 
2.61000e+08 6.67472e+25 8.699286480401559e+17 1.571214987484141e+32 
3.28562e+08 8.73669e+25 9.400841656732047e+17 1.977804915723606e+32 
5.20912e+08 1.62955e+26 1.119100419322849e+18 3.135210044659458e+32 
8.25569e+08 3.02822e+26 1.329163067827277e+18 4.967984402683619e+32 
1.03931e+09 4.12890e+26 1.448574254861286e+18 6.253583717372259e+32 
1.30885e+09 5.03572e+26 1.526167821426292e+18 7.874630654990319e+32 
1.64809e+09 6.85897e+26 1.648694590831357e+18 9.914646063150842e+32 
2.61178e+09 1.27180e+27 1.926816930035247e+18 1.570842597086973e+33 
4.14130e+09 2.35532e+27 2.251274342572354e+18 2.490092536340615e+33 
6.56572e+09 4.36121e+27 2.632361402652707e+18 3.946600075413796e+33 
8.26638e+09 5.66056e+27 2.807921148353846e+18 4.967995647625928e+33 
1.04038e+10 7.70170e+27 3.026609729984585e+18 6.251424107825837e+33 
1.31081e+10 1.04782e+28 3.263291061697506e+18 7.874824339004168e+33 
1.65005e+10 1.42481e+28 3.518453969923182e+18 9.910735659778644e+33 
2.07876e+10 1.93716e+28 3.794412217477452e+18 1.248282278011351e+34 
2.61713e+10 2.50272e+28 4.035969812480310e+18 1.571190350462209e+34 
3.29454e+10 3.40313e+28 4.340480784612425e+18 1.977370986625123e+34 
4.15022e+10 4.62717e+28 4.670723004752615e+18 2.490258725991496e+34 
5.22516e+10 5.94894e+28 4.953465714687935e+18 3.134351560169747e+34 
6.58177e+10 8.08782e+28 5.315469674179201e+18 3.946930390693003e+34 
8.28777e+10 1.09989e+29 5.707606012223517e+18 4.968352515343060e+34 
1.04323e+11 1.49482e+29 6.130142334617025e+18 6.251750332311540e+34 
1.31491e+11 2.03329e+29 6.588766492248639e+18 7.876816081165078e+34 
1.65504e+11 2.59725e+29 6.970025192817824e+18 9.910373389284296e+34 
1.83454e+11 2.89204e+29 7.138861268493314e+18 1.098324240301014e+35 
2.08411e+11 3.28937e+29 7.341524013213669e+18 1.247461045133603e+35 
2.62604e+11 4.47176e+29 7.842307272457227e+18 1.571179402095783e+35 
3.30702e+11 5.81597e+29 8.296823937298339e+18 1.977737064625508e+35 
4.27500e+11 7.80423e+29 8.870557852639740e+18 2.555188026461617e+35 
4.43544e+11 7.88915e+29 8.890018483526533e+18 2.650888356696060e+35 
5.20020e+11 8.35057e+29 8.985594653020328e+18 3.107028427343728e+35 
6.57464e+11 9.09717e+29 9.112968803025873e+18 3.926706520825823e+35 
7.92055e+11 9.82935e+29 9.214105655025458e+18 4.729269776231553e+35 
9.67468e+11 1.08291e+30 9.327861874173757e+18 5.775128780875519e+35 
1.18959e+12 1.21781e+30 9.452856622092839e+18 7.099304885109235e+35 
1.46305e+12 1.39885e+30 9.575646245745719e+18 8.729426769629142e+35 
1.67394e+12 9.52334e+29 9.174098123169277e+18 9.987885064070771e+35 
6.70637e+12 9.29103e+30 1.221454504954875e+19 3.991591354415884e+36 
1.34234e+13 1.86827e+31 1.247932522003770e+19 7.987230811323530e+36 
1.67580e+13 7.44000e+30 1.190252492703488e+19 9.967289354352083e+36 
2.51000e+13 8.98000e+30 1.216819639826856e+19 1.492308423787983e+37 
3.35000e+13 1.21000e+31 1.230609967464662e+19 1.991428385275922e+37 
4.19000e+13 1.92000e+31 1.249309871752776e+19 2.490522203101517e+37 
5.03000e+13 3.28000e+31 1.278465877457305e+19 2.989490024615212e+37 
1.01000e+14 3.65000e+32 1.691928484810050e+19 5.994878245015677e+37 
1.52000e+14 1.35000e+33 2.454628872824751e+19 8.997978821609779e+37 
2.03000e+14 3.19000e+33 3.472616462253462e+19 1.197113841028413e+38 
2.55000e+14 5.94000e+33 4.645803979044362e+19 1.496564628738253e+38 
3.07000e+14 9.62000e+33 5.915346129905511e+19 1.791967676445526e+38 
3.61000e+14 1.44000e+34 7.290894901006877e+19 2.094246940493809e+38 
4.15000e+14 2.03000e+34 8.739125193560959e+19 2.391812406344684e+38 
4.70000e+14 2.75000e+34 1.027379137961045e+20 2.689899959811944e+38 
5.26000e+14 3.60000e+34 1.187028410090463e+20 2.988075234326848e+38 
5.83000e+14 4.34000e+34 1.310875067468475e+20 3.286823084566848e+38 
6.41000e+14 5.05000e+34 1.417831265449551e+20 3.586990309997602e+38 
7.00000e+14 5.82000e+34 1.523192162336449e+20 3.888763967054367e+38 
7.59000e+14 6.68000e+34 1.630800802052911e+20 4.187001737004649e+38 
8.19000e+14 7.63000e+34 1.740197630587766e+20 4.486633019671185e+38 
8.79000e+14 8.66000e+34 1.849839550553945e+20 4.782635805800229e+38 
9.41000e+14 9.69000e+34 1.951681173510699e+20 5.084900098434030e+38 
1.00000e+15 1.07000e+35 2.044871538980781e+20 5.369464249101056e+38 
1.07000e+15 1.18000e+35 2.139696257649178e+20 5.703570641257742e+38 
1.13000e+15 1.30000e+35 2.236643909385878e+20 5.986905187545600e+38 
1.19000e+15 1.42000e+35 2.328184721247873e+20 6.267272663718091e+38 
1.26000e+15 1.55000e+35 2.421683520406904e+20 6.591049786810929e+38 
1.32000e+15 1.68000e+35 2.510146587553010e+20 6.865763889741168e+38 
1.39000e+15 1.82000e+35 2.600523988304730e+20 7.183069032816107e+38 
1.46000e+15 1.97000e+35 2.692178765819276e+20 7.497240105218448e+38 
1.52000e+15 2.13000e+35 2.785329559493268e+20 7.763726506045766e+38 
1.59000e+15 2.29000e+35 2.874204384141213e+20 8.071491565971768e+38 
1.66000e+15 2.46000e+35 2.964174329280218e+20 8.376247689406804e+38 
1.73000e+15 2.64000e+35 3.055156467979262e+20 8.677926203023313e+38 
1.80000e+15 2.82000e+35 3.142167650315644e+20 8.976643187564871e+38 
1.87000e+15 3.00000e+35 3.225563067342328e+20 9.272528275296295e+38 
1.94000e+15 3.18000e+35 3.305612709900214e+20 9.565742329710518e+38 
2.01000e+15 3.37000e+35 3.386874550973280e+20 9.856296743139800e+38 
2.09000e+15 3.56000e+35 3.464897414334417e+20 1.018547059748585e+39 
2.16000e+15 3.75000e+35 3.539904884775613e+20 1.047111460106508e+39 
2.23000e+15 3.95000e+35 3.616150315423252e+20 1.075430871862473e+39 
2.31000e+15 4.16000e+35 3.693352841924298e+20 1.107518165915872e+39 
2.38000e+15 4.37000e+35 3.767798173025721e+20 1.135366173137183e+39 
2.46000e+15 4.59000e+35 3.843210821517237e+20 1.166919400672479e+39 
2.53000e+15 4.80000e+35 3.912810979305083e+20 1.194309532310067e+39 
2.61000e+15 5.00000e+35 3.977061586585531e+20 1.225374162504877e+39 
2.69000e+15 5.20000e+35 4.039217502643847e+20 1.256228372077060e+39 
2.77000e+15 5.40000e+35 4.099466574908918e+20 1.286872088935972e+39 
2.85000e+15 5.61000e+35 4.160825866592737e+20 1.317309456264496e+39 
2.92000e+15 5.81000e+35 4.217645898928002e+20 1.343766668566632e+39 
3.00000e+15 6.02000e+35 4.275695927781682e+20 1.373810697110753e+39 
