95
7.8 1.01e+08 1 4.6988e+24
7.86 1.01e+09 1.15795e+08 4.73494e+24
7.9 1.01e+10 1.26945e+09 4.75904e+24
8.15 1.01e+11 1.26771e+10 4.90964e+24
11.6 1.21e+12 1.21137e+11 6.98795e+24
16.4 1.4e+13 1.01736e+12 9.87952e+24
45.1 1.7e+14 6.07671e+12 2.71687e+25
212 5.82e+15 4.87239e+13 1.27711e+26
1150 1.9e+17 3.20672e+14 6.92771e+26
10440 9.744e+18 2.08569e+15 6.28915e+27
26220 4.968e+19 4.30072e+15 1.57951e+28
65870 2.431e+20 8.58533e+15 3.96805e+28
165400 1.151e+21 1.66113e+16 9.96375e+28
415600 5.266e+21 3.11318e+16 2.50356e+29
1.044e+06 2.318e+22 5.63708e+16 6.28892e+29
2.622e+06 9.755e+22 9.82379e+16 1.57941e+30
6.588e+06 3.911e+23 1.65137e+17 3.96821e+30
8.293e+06 5.259e+23 1.83307e+17 4.99512e+30
1.655e+07 1.435e+24 2.57523e+17 9.96798e+30
3.302e+07 3.833e+24 3.56541e+17 1.98862e+31
6.589e+07 1.006e+25 4.85503e+17 3.96781e+31
1.315e+08 2.604e+25 6.51424e+17 7.91769e+31
2.624e+08 6.676e+25 8.65391e+17 1.57965e+32
3.304e+08 8.738e+25 9.35166e+17 1.98888e+32
5.237e+08 1.629e+26 1.11304e+18 3.15201e+32
8.301e+08 3.029e+26 1.32217e+18 4.99528e+32
1.045e+09 4.129e+26 1.44086e+18 6.28786e+32
1.316e+09 5.036e+26 1.51805e+18 7.9177e+32
1.657e+09 6.86e+26 1.63996e+18 9.96832e+32
2.626e+09 1.272e+27 1.91663e+18 1.57941e+33
4.164e+09 2.356e+27 2.23947e+18 2.50377e+33
6.601e+09 4.362e+27 2.61853e+18 3.96785e+33
8.312e+09 5.662e+27 2.79322e+18 4.99547e+33
1.046e+10 7.702e+27 3.0106e+18 6.28528e+33
1.318e+10 1.048e+28 3.24613e+18 7.91813e+33
1.659e+10 1.425e+28 3.49992e+18 9.96465e+33
2.09e+10 1.938e+28 3.77474e+18 1.25505e+34
2.631e+10 2.503e+28 4.01478e+18 1.57955e+34
3.313e+10 3.404e+28 4.31783e+18 1.98849e+34
4.172e+10 4.628e+28 4.64629e+18 2.50338e+34
5.254e+10 5.949e+28 4.92736e+18 3.15172e+34
6.617e+10 8.089e+28 5.28759e+18 3.96815e+34
8.332e+10 1.1e+29 5.67765e+18 4.995e+34
1e+11 1.402e+29 6.00736e+18 5.9933e+34
2e+11 3.134e+29 7.20649e+18 1.19728e+35
4e+11 7.157e+29 8.67272e+18 2.39125e+35
8e+11 1.036e+30 9.2285e+18 4.77692e+35
1e+12 1.257e+30 9.4739e+18 5.96927e+35
2e+12 2.122e+30 1.00818e+19 1.19279e+36
4e+12 3.78e+30 1.06541e+19 2.38375e+36
8e+12 8.527e+30 1.14548e+19 4.76389e+36
1e+13 1.162e+31 1.17985e+19 5.95322e+36
2e+13 3.262e+31 1.32173e+19 1.18938e+37
4e+13 9.407e+31 1.52963e+19 2.37517e+37
8e+13 2.746e+32 1.83413e+19 4.73996e+37
1e+14 3.929e+32 1.96518e+19 5.91957e+37
1.586e+14 8.617e+32 2.32758e+19 9.36624e+37
2.57046e+14 3.48634e+33 3.55714e+19 1.51084e+38
3.18898e+14 6.47294e+33 4.57182e+19 1.86703e+38
3.81515e+14 1.07837e+34 5.76781e+19 2.22321e+38
4.45033e+14 1.66503e+34 7.13528e+19 2.57939e+38
5.09583e+14 2.43015e+34 8.66417e+19 2.93557e+38
5.75296e+14 3.39639e+34 1.03443e+20 3.29176e+38
6.42303e+14 4.58617e+34 1.21652e+20 3.64794e+38
7.10731e+14 6.00599e+34 1.40963e+20 4.00412e+38
7.80642e+14 7.59433e+34 1.60302e+20 4.3603e+38
8.52105e+14 9.4273e+34 1.80423e+20 4.71649e+38
9.25216e+14 1.15198e+35 2.01243e+20 5.07267e+38
1.00007e+15 1.38866e+35 2.22685e+20 5.42885e+38
1.07675e+15 1.65419e+35 2.44675e+20 5.78504e+38
1.15535e+15 1.94999e+35 2.67148e+20 6.14122e+38
1.23596e+15 2.27747e+35 2.9004e+20 6.4974e+38
1.31867e+15 2.63798e+35 3.13292e+20 6.85358e+38
1.40356e+15 3.0329e+35 3.36852e+20 7.20977e+38
1.49072e+15 3.46355e+35 3.60669e+20 7.56595e+38
1.58023e+15 3.93126e+35 3.84699e+20 7.92213e+38
1.67218e+15 4.43734e+35 4.08898e+20 8.27831e+38
1.76664e+15 4.98308e+35 4.33229e+20 8.6345e+38
1.8637e+15 5.56976e+35 4.57657e+20 8.99068e+38
1.96344e+15 6.19864e+35 4.82149e+20 9.34686e+38
2.06594e+15 6.87098e+35 5.06676e+20 9.70305e+38
2.17077e+15 7.33346e+35 5.22581e+20 1.00592e+39
2.27744e+15 7.80731e+35 5.38037e+20 1.04154e+39
2.38595e+15 8.29429e+35 5.53128e+20 1.07716e+39
2.49626e+15 8.79432e+35 5.67873e+20 1.11278e+39
2.60839e+15 9.3073e+35 5.82288e+20 1.1484e+39
2.7223e+15 9.83317e+35 5.96387e+20 1.18401e+39
2.72242e+15 9.8337e+35 5.96401e+20 1.18405e+39
2.72253e+15 9.83424e+35 5.96415e+20 1.18409e+39
2.72265e+15 9.83477e+35 5.96429e+20 1.18412e+39
2.72276e+15 9.8353e+35 5.96443e+20 1.18416e+39
2.72277e+15 9.83535e+35 5.96445e+20 1.18416e+39
2.72278e+15 9.83541e+35 5.96446e+20 1.18416e+39
2.7228e+15 9.83546e+35 5.96447e+20 1.18417e+39
2.72281e+15 9.83551e+35 5.96449e+20 1.18417e+39
