99
7.8 1.01e+08 1 4.6988e+24
7.86 1.01e+09 1.15795e+08 4.73494e+24
7.9 1.01e+10 1.26945e+09 4.75904e+24
8.15 1.01e+11 1.26771e+10 4.90964e+24
11.6 1.21e+12 1.21137e+11 6.98795e+24
16.4 1.4e+13 1.01736e+12 9.87952e+24
45.1 1.7e+14 6.07671e+12 2.71687e+25
212 5.82e+15 4.87239e+13 1.27711e+26
1150 1.9e+17 3.20672e+14 6.92771e+26
10440 9.744e+18 2.08569e+15 6.28915e+27
26220 4.968e+19 4.30072e+15 1.57951e+28
65870 2.431e+20 8.58533e+15 3.96805e+28
165400 1.151e+21 1.66113e+16 9.96375e+28
415600 5.266e+21 3.11318e+16 2.50356e+29
1.044e+06 2.318e+22 5.63708e+16 6.28892e+29
2.622e+06 9.755e+22 9.82379e+16 1.57941e+30
6.588e+06 3.911e+23 1.65137e+17 3.96821e+30
8.293e+06 5.259e+23 1.83307e+17 4.99512e+30
1.655e+07 1.435e+24 2.57523e+17 9.96798e+30
3.302e+07 3.833e+24 3.56541e+17 1.98862e+31
6.589e+07 1.006e+25 4.85503e+17 3.96781e+31
1.315e+08 2.604e+25 6.51424e+17 7.91769e+31
2.624e+08 6.676e+25 8.65391e+17 1.57965e+32
3.304e+08 8.738e+25 9.35166e+17 1.98888e+32
5.237e+08 1.629e+26 1.11304e+18 3.15201e+32
8.301e+08 3.029e+26 1.32217e+18 4.99528e+32
1.045e+09 4.129e+26 1.44086e+18 6.28786e+32
1.316e+09 5.036e+26 1.51805e+18 7.9177e+32
1.657e+09 6.86e+26 1.63996e+18 9.96832e+32
2.626e+09 1.272e+27 1.91663e+18 1.57941e+33
4.164e+09 2.356e+27 2.23947e+18 2.50377e+33
6.601e+09 4.362e+27 2.61853e+18 3.96785e+33
8.312e+09 5.662e+27 2.79322e+18 4.99547e+33
1.046e+10 7.702e+27 3.0106e+18 6.28528e+33
1.318e+10 1.048e+28 3.24613e+18 7.91813e+33
1.659e+10 1.425e+28 3.49992e+18 9.96465e+33
2.09e+10 1.938e+28 3.77474e+18 1.25505e+34
2.631e+10 2.503e+28 4.01478e+18 1.57955e+34
3.313e+10 3.404e+28 4.31783e+18 1.98849e+34
4.172e+10 4.628e+28 4.64629e+18 2.50338e+34
5.254e+10 5.949e+28 4.92736e+18 3.15172e+34
6.617e+10 8.089e+28 5.28759e+18 3.96815e+34
8.332e+10 1.1e+29 5.67765e+18 4.995e+34
1e+11 1.402e+29 6.00736e+18 5.9933e+34
2e+11 3.134e+29 7.20649e+18 1.19728e+35
4e+11 7.157e+29 8.67272e+18 2.39125e+35
8e+11 1.036e+30 9.2285e+18 4.77692e+35
1e+12 1.257e+30 9.4739e+18 5.96927e+35
2e+12 2.122e+30 1.00818e+19 1.19279e+36
4e+12 3.78e+30 1.06541e+19 2.38375e+36
8e+12 8.527e+30 1.14548e+19 4.76389e+36
1e+13 1.162e+31 1.17985e+19 5.95322e+36
2e+13 3.262e+31 1.32173e+19 1.18938e+37
4e+13 9.407e+31 1.52963e+19 2.37517e+37
8e+13 2.746e+32 1.83413e+19 4.73996e+37
1e+14 3.929e+32 1.96518e+19 5.91957e+37
1.586e+14 8.617e+32 2.32758e+19 9.36624e+37
2.56775e+14 2.21094e+33 2.97282e+19 1.51084e+38
2.97473e+14 2.94587e+33 3.23535e+19 1.74769e+38
3.38291e+14 3.78431e+33 3.49607e+19 1.98454e+38
3.79227e+14 4.72586e+33 3.75513e+19 2.22139e+38
4.2028e+14 5.77018e+33 4.01263e+19 2.45824e+38
4.61451e+14 6.91697e+33 4.26868e+19 2.69509e+38
5.02756e+14 9.1678e+33 4.7219e+19 2.93194e+38
5.44399e+14 1.41468e+34 5.6484e+19 3.16879e+38
5.86535e+14 2.11575e+34 6.84504e+19 3.40564e+38
6.29309e+14 3.07973e+34 8.3572e+19 3.64249e+38
6.72895e+14 4.37811e+34 1.02303e+20 3.87934e+38
7.17498e+14 6.09541e+34 1.25081e+20 4.11619e+38
7.63357e+14 8.33062e+34 1.52305e+20 4.35304e+38
8.10753e+14 1.11985e+35 1.84316e+20 4.58989e+38
8.59946e+14 1.41409e+35 2.14561e+20 4.82674e+38
9.10344e+14 1.59474e+35 2.31728e+20 5.06359e+38
9.61717e+14 1.78862e+35 2.48975e+20 5.30044e+38
1.01409e+15 1.99603e+35 2.66285e+20 5.53729e+38
1.06748e+15 2.21728e+35 2.83638e+20 5.77414e+38
1.12191e+15 2.45266e+35 3.01018e+20 6.01099e+38
1.1774e+15 2.70247e+35 3.18412e+20 6.24784e+38
1.23398e+15 2.967e+35 3.35805e+20 6.48469e+38
1.29166e+15 3.24652e+35 3.53185e+20 6.72154e+38
1.35047e+15 3.54132e+35 3.70542e+20 6.95839e+38
1.41043e+15 3.85166e+35 3.87865e+20 7.19524e+38
1.47155e+15 4.17782e+35 4.05146e+20 7.43209e+38
1.53386e+15 4.52006e+35 4.22376e+20 7.66894e+38
1.59737e+15 4.87863e+35 4.39547e+20 7.90579e+38
1.6621e+15 5.25379e+35 4.56653e+20 8.14264e+38
1.72807e+15 5.6458e+35 4.73688e+20 8.37949e+38
1.79531e+15 6.0549e+35 4.90647e+20 8.61634e+38
1.86382e+15 6.48134e+35 5.07524e+20 8.85319e+38
1.93363e+15 6.92535e+35 5.24316e+20 9.09004e+38
2.00475e+15 7.38717e+35 5.41018e+20 9.32689e+38
2.0772e+15 7.86705e+35 5.57627e+20 9.56374e+38
2.15099e+15 8.36521e+35 5.7414e+20 9.80059e+38
2.22615e+15 8.88189e+35 5.90554e+20 1.00374e+39
2.3027e+15 9.4173e+35 6.06867e+20 1.02743e+39
2.38064e+15 9.97167e+35 6.23077e+20 1.05111e+39
2.38851e+15 1.00282e+36 6.24692e+20 1.05348e+39
2.39639e+15 1.00848e+36 6.26306e+20 1.05585e+39
2.40429e+15 1.01417e+36 6.27919e+20 1.05822e+39
