89
7.8 1.01e+08 1 4.6988e+24
7.86 1.01e+09 1.15795e+08 4.73494e+24
7.9 1.01e+10 1.26945e+09 4.75904e+24
8.15 1.01e+11 1.26771e+10 4.90964e+24
11.6 1.21e+12 1.21137e+11 6.98795e+24
16.4 1.4e+13 1.01736e+12 9.87952e+24
45.1 1.7e+14 6.07671e+12 2.71687e+25
212 5.82e+15 4.87239e+13 1.27711e+26
1150 1.9e+17 3.20672e+14 6.92771e+26
10440 9.744e+18 2.08569e+15 6.28915e+27
26220 4.968e+19 4.30072e+15 1.57951e+28
65870 2.431e+20 8.58533e+15 3.96805e+28
165400 1.151e+21 1.66113e+16 9.96375e+28
415600 5.266e+21 3.11318e+16 2.50356e+29
1.044e+06 2.318e+22 5.63708e+16 6.28892e+29
2.622e+06 9.755e+22 9.82379e+16 1.57941e+30
6.588e+06 3.911e+23 1.65137e+17 3.96821e+30
8.293e+06 5.259e+23 1.83307e+17 4.99512e+30
1.655e+07 1.435e+24 2.57523e+17 9.96798e+30
3.302e+07 3.833e+24 3.56541e+17 1.98862e+31
6.589e+07 1.006e+25 4.85503e+17 3.96781e+31
1.315e+08 2.604e+25 6.51424e+17 7.91769e+31
2.624e+08 6.676e+25 8.65391e+17 1.57965e+32
3.304e+08 8.738e+25 9.35166e+17 1.98888e+32
5.237e+08 1.629e+26 1.11304e+18 3.15201e+32
8.301e+08 3.029e+26 1.32217e+18 4.99528e+32
1.045e+09 4.129e+26 1.44086e+18 6.28786e+32
1.316e+09 5.036e+26 1.51805e+18 7.9177e+32
1.657e+09 6.86e+26 1.63996e+18 9.96832e+32
2.626e+09 1.272e+27 1.91663e+18 1.57941e+33
4.164e+09 2.356e+27 2.23947e+18 2.50377e+33
6.601e+09 4.362e+27 2.61853e+18 3.96785e+33
8.312e+09 5.662e+27 2.79322e+18 4.99547e+33
1.046e+10 7.702e+27 3.0106e+18 6.28528e+33
1.318e+10 1.048e+28 3.24613e+18 7.91813e+33
1.659e+10 1.425e+28 3.49992e+18 9.96465e+33
2.09e+10 1.938e+28 3.77474e+18 1.25505e+34
2.631e+10 2.503e+28 4.01478e+18 1.57955e+34
3.313e+10 3.404e+28 4.31783e+18 1.98849e+34
4.172e+10 4.628e+28 4.64629e+18 2.50338e+34
5.254e+10 5.949e+28 4.92736e+18 3.15172e+34
6.617e+10 8.089e+28 5.28759e+18 3.96815e+34
8.332e+10 1.1e+29 5.67765e+18 4.995e+34
1e+11 1.402e+29 6.00736e+18 5.9933e+34
2e+11 3.134e+29 7.20649e+18 1.19728e+35
4e+11 7.157e+29 8.67272e+18 2.39125e+35
8e+11 1.036e+30 9.2285e+18 4.77692e+35
1e+12 1.257e+30 9.4739e+18 5.96927e+35
2e+12 2.122e+30 1.00818e+19 1.19279e+36
4e+12 3.78e+30 1.06541e+19 2.38375e+36
8e+12 8.527e+30 1.14548e+19 4.76389e+36
1e+13 1.162e+31 1.17985e+19 5.95322e+36
2e+13 3.262e+31 1.32173e+19 1.18938e+37
4e+13 9.407e+31 1.52963e+19 2.37517e+37
8e+13 2.746e+32 1.83413e+19 4.73996e+37
1e+14 3.929e+32 1.96518e+19 5.91957e+37
1.586e+14 8.617e+32 2.32758e+19 9.36624e+37
2.57058e+14 3.54358e+33 3.58301e+19 1.51084e+38
3.18932e+14 6.6265e+33 4.62981e+19 1.86699e+38
3.81599e+14 1.1105e+34 5.87114e+19 2.22315e+38
4.45204e+14 1.72329e+34 7.29738e+19 2.5793e+38
5.0989e+14 2.52626e+34 8.89833e+19 2.93545e+38
5.758e+14 3.54445e+34 1.06633e+20 3.2916e+38
6.43075e+14 4.80282e+34 1.25815e+20 3.64775e+38
7.11857e+14 6.32618e+34 1.46416e+20 4.0039e+38
7.82285e+14 8.13926e+34 1.68324e+20 4.36006e+38
8.54501e+14 1.02667e+35 1.9143e+20 4.71621e+38
9.28643e+14 1.2733e+35 2.15624e+20 5.07236e+38
1.00485e+15 1.55815e+35 2.40962e+20 5.42851e+38
1.08329e+15 1.88408e+35 2.67347e+20 5.78466e+38
1.16411e+15 2.25247e+35 2.94564e+20 6.14081e+38
1.24744e+15 2.66591e+35 3.22517e+20 6.49696e+38
1.33344e+15 3.12697e+35 3.51115e+20 6.85312e+38
1.42225e+15 3.63825e+35 3.80268e+20 7.20927e+38
1.51401e+15 4.20232e+35 4.09898e+20 7.56542e+38
1.60887e+15 4.82176e+35 4.39926e+20 7.92157e+38
1.70697e+15 5.49914e+35 4.70282e+20 8.27772e+38
1.80846e+15 6.23705e+35 5.00902e+20 8.63387e+38
1.91347e+15 7.03806e+35 5.31726e+20 8.99003e+38
2.02216e+15 7.90474e+35 5.62698e+20 9.34618e+38
2.13467e+15 8.83967e+35 5.93768e+20 9.70233e+38
2.25112e+15 9.79216e+35 6.23295e+20 1.00585e+39
2.37081e+15 1.0515e+36 6.44308e+20 1.04146e+39
2.49329e+15 1.12642e+36 6.64874e+20 1.07708e+39
2.61858e+15 1.20398e+36 6.85011e+20 1.11269e+39
2.63127e+15 1.21188e+36 6.87002e+20 1.11625e+39
2.64398e+15 1.2198e+36 6.88988e+20 1.11982e+39
2.65672e+15 1.22776e+36 6.90971e+20 1.12338e+39
2.66948e+15 1.23574e+36 6.92949e+20 1.12694e+39
