89
7.8 1.01e+08 1 4.6988e+24
7.86 1.01e+09 1.15795e+08 4.73494e+24
7.9 1.01e+10 1.26945e+09 4.75904e+24
8.15 1.01e+11 1.26771e+10 4.90964e+24
11.6 1.21e+12 1.21137e+11 6.98795e+24
16.4 1.4e+13 1.01736e+12 9.87952e+24
45.1 1.7e+14 6.07671e+12 2.71687e+25
212 5.82e+15 4.87239e+13 1.27711e+26
1150 1.9e+17 3.20672e+14 6.92771e+26
10440 9.744e+18 2.08569e+15 6.28915e+27
26220 4.968e+19 4.30072e+15 1.57951e+28
65870 2.431e+20 8.58533e+15 3.96805e+28
165400 1.151e+21 1.66113e+16 9.96375e+28
415600 5.266e+21 3.11318e+16 2.50356e+29
1.044e+06 2.318e+22 5.63708e+16 6.28892e+29
2.622e+06 9.755e+22 9.82379e+16 1.57941e+30
6.588e+06 3.911e+23 1.65137e+17 3.96821e+30
8.293e+06 5.259e+23 1.83307e+17 4.99512e+30
1.655e+07 1.435e+24 2.57523e+17 9.96798e+30
3.302e+07 3.833e+24 3.56541e+17 1.98862e+31
6.589e+07 1.006e+25 4.85503e+17 3.96781e+31
1.315e+08 2.604e+25 6.51424e+17 7.91769e+31
2.624e+08 6.676e+25 8.65391e+17 1.57965e+32
3.304e+08 8.738e+25 9.35166e+17 1.98888e+32
5.237e+08 1.629e+26 1.11304e+18 3.15201e+32
8.301e+08 3.029e+26 1.32217e+18 4.99528e+32
1.045e+09 4.129e+26 1.44086e+18 6.28786e+32
1.316e+09 5.036e+26 1.51805e+18 7.9177e+32
1.657e+09 6.86e+26 1.63996e+18 9.96832e+32
2.626e+09 1.272e+27 1.91663e+18 1.57941e+33
4.164e+09 2.356e+27 2.23947e+18 2.50377e+33
6.601e+09 4.362e+27 2.61853e+18 3.96785e+33
8.312e+09 5.662e+27 2.79322e+18 4.99547e+33
1.046e+10 7.702e+27 3.0106e+18 6.28528e+33
1.318e+10 1.048e+28 3.24613e+18 7.91813e+33
1.659e+10 1.425e+28 3.49992e+18 9.96465e+33
2.09e+10 1.938e+28 3.77474e+18 1.25505e+34
2.631e+10 2.503e+28 4.01478e+18 1.57955e+34
3.313e+10 3.404e+28 4.31783e+18 1.98849e+34
4.172e+10 4.628e+28 4.64629e+18 2.50338e+34
5.254e+10 5.949e+28 4.92736e+18 3.15172e+34
6.617e+10 8.089e+28 5.28759e+18 3.96815e+34
8.332e+10 1.1e+29 5.67765e+18 4.995e+34
1e+11 1.402e+29 6.00736e+18 5.9933e+34
2e+11 3.134e+29 7.20649e+18 1.19728e+35
4e+11 7.157e+29 8.67272e+18 2.39125e+35
8e+11 1.036e+30 9.2285e+18 4.77692e+35
1e+12 1.257e+30 9.4739e+18 5.96927e+35
2e+12 2.122e+30 1.00818e+19 1.19279e+36
4e+12 3.78e+30 1.06541e+19 2.38375e+36
8e+12 8.527e+30 1.14548e+19 4.76389e+36
1e+13 1.162e+31 1.17985e+19 5.95322e+36
2e+13 3.262e+31 1.32173e+19 1.18938e+37
4e+13 9.407e+31 1.52963e+19 2.37517e+37
8e+13 2.746e+32 1.83413e+19 4.73996e+37
1e+14 3.929e+32 1.96518e+19 5.91957e+37
1.586e+14 8.617e+32 2.32758e+19 9.36624e+37
2.57279e+14 4.70237e+33 4.10181e+19 1.51084e+38
2.97333e+14 7.76261e+33 5.17615e+19 1.74004e+38
3.37919e+14 1.20427e+34 6.47654e+19 1.96923e+38
3.79149e+14 1.77999e+34 8.00959e+19 2.19842e+38
4.21145e+14 2.53085e+34 9.77864e+19 2.42762e+38
4.64031e+14 3.48592e+34 1.17838e+20 2.65681e+38
5.07943e+14 4.67578e+34 1.40222e+20 2.886e+38
5.53019e+14 6.13254e+34 1.64884e+20 3.1152e+38
5.99407e+14 7.8897e+34 1.91741e+20 3.34439e+38
6.47259e+14 9.98217e+34 2.20694e+20 3.57358e+38
6.96557e+14 1.18686e+35 2.44491e+20 3.80277e+38
7.47157e+14 1.39101e+35 2.6809e+20 4.03197e+38
7.99114e+14 1.61603e+35 2.92023e+20 4.26116e+38
8.52481e+14 1.86275e+35 3.16234e+20 4.49035e+38
9.07313e+14 2.132e+35 3.4067e+20 4.71955e+38
9.63662e+14 2.4246e+35 3.65285e+20 4.94874e+38
1.02158e+15 2.74135e+35 3.90037e+20 5.17793e+38
1.08112e+15 3.08303e+35 4.14886e+20 5.40713e+38
1.14233e+15 3.45043e+35 4.39797e+20 5.63632e+38
1.20526e+15 3.84432e+35 4.64739e+20 5.86551e+38
1.26996e+15 4.26546e+35 4.89682e+20 6.09471e+38
1.33649e+15 4.71461e+35 5.14602e+20 6.3239e+38
1.40488e+15 5.19251e+35 5.39474e+20 6.55309e+38
1.47519e+15 5.6999e+35 5.64279e+20 6.78228e+38
1.54746e+15 6.23751e+35 5.88997e+20 7.01148e+38
1.62174e+15 6.78174e+35 6.12588e+20 7.24067e+38
1.69758e+15 7.13879e+35 6.27259e+20 7.46986e+38
1.77465e+15 7.503e+35 6.4154e+20 7.69906e+38
1.78242e+15 7.53981e+35 6.42948e+20 7.72198e+38
1.79021e+15 7.57669e+35 6.44352e+20 7.7449e+38
1.79801e+15 7.61364e+35 6.45752e+20 7.76781e+38
1.79879e+15 7.61734e+35 6.45892e+20 7.77011e+38
