97
7.8 1.01e+08 1 4.6988e+24
7.86 1.01e+09 1.15795e+08 4.73494e+24
7.9 1.01e+10 1.26945e+09 4.75904e+24
8.15 1.01e+11 1.26771e+10 4.90964e+24
11.6 1.21e+12 1.21137e+11 6.98795e+24
16.4 1.4e+13 1.01736e+12 9.87952e+24
45.1 1.7e+14 6.07671e+12 2.71687e+25
212 5.82e+15 4.87239e+13 1.27711e+26
1150 1.9e+17 3.20672e+14 6.92771e+26
10440 9.744e+18 2.08569e+15 6.28915e+27
26220 4.968e+19 4.30072e+15 1.57951e+28
65870 2.431e+20 8.58533e+15 3.96805e+28
165400 1.151e+21 1.66113e+16 9.96375e+28
415600 5.266e+21 3.11318e+16 2.50356e+29
1.044e+06 2.318e+22 5.63708e+16 6.28892e+29
2.622e+06 9.755e+22 9.82379e+16 1.57941e+30
6.588e+06 3.911e+23 1.65137e+17 3.96821e+30
8.293e+06 5.259e+23 1.83307e+17 4.99512e+30
1.655e+07 1.435e+24 2.57523e+17 9.96798e+30
3.302e+07 3.833e+24 3.56541e+17 1.98862e+31
6.589e+07 1.006e+25 4.85503e+17 3.96781e+31
1.315e+08 2.604e+25 6.51424e+17 7.91769e+31
2.624e+08 6.676e+25 8.65391e+17 1.57965e+32
3.304e+08 8.738e+25 9.35166e+17 1.98888e+32
5.237e+08 1.629e+26 1.11304e+18 3.15201e+32
8.301e+08 3.029e+26 1.32217e+18 4.99528e+32
1.045e+09 4.129e+26 1.44086e+18 6.28786e+32
1.316e+09 5.036e+26 1.51805e+18 7.9177e+32
1.657e+09 6.86e+26 1.63996e+18 9.96832e+32
2.626e+09 1.272e+27 1.91663e+18 1.57941e+33
4.164e+09 2.356e+27 2.23947e+18 2.50377e+33
6.601e+09 4.362e+27 2.61853e+18 3.96785e+33
8.312e+09 5.662e+27 2.79322e+18 4.99547e+33
1.046e+10 7.702e+27 3.0106e+18 6.28528e+33
1.318e+10 1.048e+28 3.24613e+18 7.91813e+33
1.659e+10 1.425e+28 3.49992e+18 9.96465e+33
2.09e+10 1.938e+28 3.77474e+18 1.25505e+34
2.631e+10 2.503e+28 4.01478e+18 1.57955e+34
3.313e+10 3.404e+28 4.31783e+18 1.98849e+34
4.172e+10 4.628e+28 4.64629e+18 2.50338e+34
5.254e+10 5.949e+28 4.92736e+18 3.15172e+34
6.617e+10 8.089e+28 5.28759e+18 3.96815e+34
8.332e+10 1.1e+29 5.67765e+18 4.995e+34
1e+11 1.402e+29 6.00736e+18 5.9933e+34
2e+11 3.134e+29 7.20649e+18 1.19728e+35
4e+11 7.157e+29 8.67272e+18 2.39125e+35
8e+11 1.036e+30 9.2285e+18 4.77692e+35
1e+12 1.257e+30 9.4739e+18 5.96927e+35
2e+12 2.122e+30 1.00818e+19 1.19279e+36
4e+12 3.78e+30 1.06541e+19 2.38375e+36
8e+12 8.527e+30 1.14548e+19 4.76389e+36
1e+13 1.162e+31 1.17985e+19 5.95322e+36
2e+13 3.262e+31 1.32173e+19 1.18938e+37
4e+13 9.407e+31 1.52963e+19 2.37517e+37
8e+13 2.746e+32 1.83413e+19 4.73996e+37
1e+14 3.929e+32 1.96518e+19 5.91957e+37
1.586e+14 8.617e+32 2.32758e+19 9.36624e+37
2.57022e+14 3.36301e+33 3.50131e+19 1.51084e+38
3.17374e+14 6.0682e+33 4.42405e+19 1.85878e+38
3.784e+14 9.89187e+33 5.49415e+19 2.20671e+38
4.40205e+14 1.50093e+34 6.70229e+19 2.55465e+38
5.02892e+14 2.15916e+34 8.03952e+19 2.90258e+38
5.66562e+14 2.98064e+34 9.49718e+19 3.25052e+38
6.31315e+14 3.98181e+34 1.10668e+20 3.59845e+38
6.97246e+14 5.17886e+34 1.27402e+20 3.94639e+38
7.64453e+14 6.58774e+34 1.45094e+20 4.29432e+38
8.3303e+14 8.22419e+34 1.63666e+20 4.64226e+38
9.03072e+14 1.01037e+35 1.83043e+20 4.9902e+38
9.74669e+14 1.22418e+35 2.03155e+20 5.33813e+38
1.04791e+15 1.46535e+35 2.23931e+20 5.68607e+38
1.1229e+15 1.73539e+35 2.45308e+20 6.034e+38
1.19971e+15 2.03579e+35 2.67221e+20 6.38194e+38
1.27844e+15 2.36804e+35 2.89613e+20 6.72987e+38
1.35918e+15 2.7336e+35 3.12427e+20 7.07781e+38
1.442e+15 3.13392e+35 3.35611e+20 7.42574e+38
1.52701e+15 3.57044e+35 3.59117e+20 7.77368e+38
1.61429e+15 4.04461e+35 3.82898e+20 8.12161e+38
1.70391e+15 4.55784e+35 4.06912e+20 8.46955e+38
1.79607e+15 5.16477e+35 4.33401e+20 8.81748e+38
1.89106e+15 5.84271e+35 4.61011e+20 9.16542e+38
1.98905e+15 6.57933e+35 4.89014e+20 9.51335e+38
2.09015e+15 7.37728e+35 5.17356e+20 9.86129e+38
2.19451e+15 8.23923e+35 5.45989e+20 1.02092e+39
2.30184e+15 8.78644e+35 5.63194e+20 1.05572e+39
2.41048e+15 9.0937e+35 5.72365e+20 1.09051e+39
2.52021e+15 9.40155e+35 5.81177e+20 1.1253e+39
2.631e+15 9.70997e+35 5.89654e+20 1.1601e+39
2.74283e+15 1.00189e+36 5.97819e+20 1.19489e+39
2.85565e+15 1.03285e+36 6.05693e+20 1.22968e+39
2.86699e+15 1.03594e+36 6.06466e+20 1.23316e+39
2.87833e+15 1.03904e+36 6.07235e+20 1.23664e+39
2.88969e+15 1.04214e+36 6.08002e+20 1.24012e+39
2.90106e+15 1.04524e+36 6.08766e+20 1.2436e+39
2.90117e+15 1.04527e+36 6.08773e+20 1.24364e+39
2.90128e+15 1.0453e+36 6.08781e+20 1.24367e+39
2.9014e+15 1.04533e+36 6.08789e+20 1.24371e+39
2.90151e+15 1.04537e+36 6.08796e+20 1.24374e+39
